Degree,Frequency,Cumulated Frequency,Cumulated Percentile,Impractical
0,0,0,0,17842848
1,0,0,0,17842848
2,0,0,0,17842848
3,14548174,14548174,81.5350441812876,3294674
4,1501647,16049821,89.9510044584811,1793027
5,1222870,17272691,96.8045628141875,570157
6,147608,17420299,97.631829851378,422549
7,104100,17524399,98.2152568917249,318449
8,20425,17544824,98.3297285276431,298024
9,131893,17676717,99.0689210601357,166131
10,14942,17691659,99.1526632968011,151189
11,4484,17696143,99.1777938140817,146705
12,55490,17751633,99.488786767673,91215
13,8789,17760422,99.5380445991582,82426
14,3009,17763431,99.5549084989123,79417
15,3217,17766648,99.5729381318498,76200
16,3799,17770447,99.5942295759063,72401
17,8813,17779260,99.6436219150665,63588
18,24346,17803606,99.7800687423891,39242
19,628,17804234,99.7835883598851,38614
20,896,17805130,99.7886099797521,37718
21,2687,17807817,99.8036692348665,35031
22,1038,17808855,99.8094866918106,33993
23,199,17809054,99.8106019846159,33794
24,3422,17812476,99.8297805372775,30372
25,800,17813276,99.8342641264444,29572
26,1118,17814394,99.8405299423052,28454
27,1462,17815856,99.8487237015077,26992
28,194,17816050,99.8498109718807,26798
29,309,17816359,99.8515427581964,26489
30,1356,17817715,99.8591424418344,25133
31,406,17818121,99.8614178633366,24727
32,594,17818715,99.8647469282931,24133
33,1194,17819909,99.8714386851247,22939
34,392,17820301,99.8736356438165,22547
35,35,17820336,99.8738318008426,22512
36,3053,17823389,99.8909422980009,19459
37,119,17823508,99.8916092318894,19340
38,36,17823544,99.8918109934019,19304
39,1822,17825366,99.9020223677296,17482
40,175,17825541,99.9030031528599,17307
41,50,17825591,99.9032833771828,17257
42,306,17825897,99.9049983500392,16951
43,299,17826196,99.9066740914903,16652
44,900,17827096,99.9117181293031,15752
45,201,17827297,99.9128446310813,15551
46,18,17827315,99.9129455118376,15533
47,8,17827323,99.9129903477292,15525
48,1540,17828863,99.9216212568756,13985
49,75,17828938,99.92204159336,13910
50,85,17829023,99.922517974709,13825
51,35,17829058,99.922714131735,13790
52,335,17829393,99.9245916346987,13455
53,19,17829412,99.9246981199414,13436
54,383,17829795,99.9268446382551,13053
55,19,17829814,99.9269511234978,13034
56,29,17829843,99.9271136536051,13005
57,544,17830387,99.9301624942386,12461
58,24,17830411,99.9302970019136,12437
59,9,17830420,99.9303474422917,12428
60,358,17830778,99.9323538484439,12070
61,332,17831110,99.9342145379482,11738
62,5,17831115,99.9342425603805,11733
63,76,17831191,99.9346685013514,11657
64,59,17831250,99.9349991660524,11598
65,411,17831661,99.9373026099869,11187
66,112,17831773,99.9379303124703,11075
67,7,17831780,99.9379695438755,11068
68,53,17831833,99.9382665816578,11015
69,683,17832516,99.9420944459091,10332
70,28,17832544,99.9422513715299,10304
71,1,17832545,99.9422569760164,10303
72,1468,17834013,99.9504843621377,8835
73,73,17834086,99.9508934896492,8762
74,23,17834109,99.9510223928377,8739
75,15,17834124,99.9511064601346,8724
76,32,17834156,99.9512858037013,8692
77,6,17834162,99.95131943062,8686
78,217,17834379,99.9525356041816,8469
79,0,17834379,99.9525356041816,8469
80,35,17834414,99.9527317612076,8434
81,40,17834454,99.952955940666,8394
82,1153,17835607,99.9594179135528,7241
83,0,17835607,99.9594179135528,7241
84,269,17835876,99.9609255204102,6972
85,21,17835897,99.9610432146258,6951
86,13,17835910,99.9611160729498,6938
87,0,17835910,99.9611160729498,6938
88,10,17835920,99.9611721178144,6928
89,7,17835927,99.9612113492196,6921
90,159,17836086,99.9621024625665,6762
91,0,17836086,99.9621024625665,6762
92,5,17836091,99.9621304849988,6757
93,6,17836097,99.9621641119176,6751
94,57,17836154,99.9624835676457,6694
95,14,17836168,99.9625620304561,6680
96,234,17836402,99.9638734802874,6446
97,30,17836432,99.9640416148812,6416
98,25,17836457,99.9641817270427,6391
99,11,17836468,99.9642433763937,6380
100,403,17836871,99.9665019844366,5977
101,4,17836875,99.9665244023824,5973
102,29,17836904,99.9666869324897,5944
103,2,17836906,99.9666981414626,5942
104,18,17836924,99.9667990222189,5924
105,22,17836946,99.966922320921,5902
106,4,17836950,99.9669447388668,5898
107,0,17836950,99.9669447388668,5898
108,63,17837013,99.9672978215137,5835
109,3,17837016,99.9673146349731,5832
110,125,17837141,99.9680151957804,5707
111,15,17837156,99.9680992630773,5692
112,6,17837162,99.968132889996,5686
113,23,17837185,99.9682617931846,5663
114,16,17837201,99.9683514649679,5647
115,1,17837202,99.9683570694544,5646
116,44,17837246,99.9686036668586,5602
117,5,17837251,99.9686316892909,5597
118,1,17837252,99.9686372937773,5596
119,0,17837252,99.9686372937773,5596
120,152,17837404,99.969489175719,5444
121,7,17837411,99.9695284071242,5437
122,0,17837411,99.9695284071242,5437
123,2,17837413,99.9695396160972,5435
124,3,17837416,99.9695564295565,5432
125,2,17837418,99.9695676385295,5430
126,274,17837692,99.9711032678191,5156
127,1,17837693,99.9711088723056,5155
128,29,17837722,99.9712714024129,5126
129,91,17837813,99.9717814106806,5035
130,30,17837843,99.9719495452744,5005
131,4,17837847,99.9719719632202,5001
132,7,17837854,99.9720111946254,4994
133,14,17837868,99.9720896574359,4980
134,8,17837876,99.9721344933275,4972
135,12,17837888,99.972201747165,4960
136,2,17837890,99.9722129561379,4958
137,8,17837898,99.9722577920296,4950
138,2,17837900,99.9722690010025,4948
139,3,17837903,99.9722858144619,4945
140,22,17837925,99.972409113164,4923
141,119,17838044,99.9730760470526,4804
142,0,17838044,99.9730760470526,4804
143,3,17838047,99.973092860512,4801
144,247,17838294,99.9744771686672,4554
145,36,17838330,99.9746789301797,4518
146,6,17838336,99.9747125570985,4512
147,44,17838380,99.9749591545027,4468
148,3,17838383,99.9749759679621,4465
149,0,17838383,99.9749759679621,4465
150,2,17838385,99.974987176935,4463
151,1,17838386,99.9749927814214,4462
152,1,17838387,99.9749983859079,4461
153,38,17838425,99.9752113563933,4423
154,8,17838433,99.975256192285,4415
155,4,17838437,99.9752786102308,4411
156,51,17838488,99.9755644390402,4360
157,8,17838496,99.9756092749319,4352
158,2,17838498,99.9756204839048,4350
159,5,17838503,99.9756485063371,4345
160,6,17838509,99.9756821332559,4339
161,4,17838513,99.9757045512017,4335
162,19,17838532,99.9758110364444,4316
163,1,17838533,99.9758166409309,4315
164,1,17838534,99.9758222454173,4314
165,3,17838537,99.9758390588767,4311
166,1,17838538,99.9758446633632,4310
167,0,17838538,99.9758446633632,4310
168,78,17838616,99.9762818133069,4232
169,1,17838617,99.9762874177934,4231
170,1,17838618,99.9762930222798,4230
171,26,17838644,99.9764387389278,4204
172,0,17838644,99.9764387389278,4204
173,0,17838644,99.9764387389278,4204
174,1,17838645,99.9764443434142,4203
175,1,17838646,99.9764499479007,4202
176,5,17838651,99.976477970333,4197
177,0,17838651,99.976477970333,4197
178,1,17838652,99.9764835748194,4196
179,2,17838654,99.9764947837924,4194
180,52,17838706,99.9767862170882,4142
181,0,17838706,99.9767862170882,4142
182,1,17838707,99.9767918215747,4141
183,0,17838707,99.9767918215747,4141
184,9,17838716,99.9768422619528,4132
185,1,17838717,99.9768478664393,4131
186,14,17838731,99.9769263292497,4117
187,0,17838731,99.9769263292497,4117
188,3,17838734,99.9769431427091,4114
189,0,17838734,99.9769431427091,4114
190,1,17838735,99.9769487471955,4113
191,0,17838735,99.9769487471955,4113
192,191,17838926,99.9780192041091,3922
193,3,17838929,99.9780360175685,3919
194,4,17838933,99.9780584355143,3915
195,1,17838934,99.9780640400008,3914
196,12,17838946,99.9781312938383,3902
197,0,17838946,99.9781312938383,3902
198,10,17838956,99.9781873387029,3892
199,0,17838956,99.9781873387029,3892
200,71,17839027,99.9785852572414,3821
201,0,17839027,99.9785852572414,3821
202,1,17839028,99.9785908617279,3820
203,0,17839028,99.9785908617279,3820
204,3,17839031,99.9786076751873,3817
205,0,17839031,99.9786076751873,3817
206,1,17839032,99.9786132796737,3816
207,5,17839037,99.978641302106,3811
208,8,17839045,99.9786861379977,3803
209,4,17839049,99.9787085559435,3799
210,3,17839052,99.9787253694029,3796
211,0,17839052,99.9787253694029,3796
212,2,17839054,99.9787365783758,3794
213,1,17839055,99.9787421828623,3793
214,8,17839063,99.978787018754,3785
215,0,17839063,99.978787018754,3785
216,230,17839293,99.9800760506395,3555
217,0,17839293,99.9800760506395,3555
218,0,17839293,99.9800760506395,3555
219,6,17839299,99.9801096775582,3549
220,37,17839336,99.9803170435572,3512
221,66,17839402,99.9806869396634,3446
222,8,17839410,99.9807317755551,3438
223,0,17839410,99.9807317755551,3438
224,4,17839414,99.9807541935009,3434
225,14,17839428,99.9808326563114,3420
226,0,17839428,99.9808326563114,3420
227,0,17839428,99.9808326563114,3420
228,3,17839431,99.9808494697707,3417
229,1,17839432,99.9808550742572,3416
230,49,17839481,99.9811296940937,3367
231,11,17839492,99.9811913434447,3356
232,0,17839492,99.9811913434447,3356
233,0,17839492,99.9811913434447,3356
234,2,17839494,99.9812025524176,3354
235,0,17839494,99.9812025524176,3354
236,0,17839494,99.9812025524176,3354
237,0,17839494,99.9812025524176,3354
238,2,17839496,99.9812137613906,3352
239,1,17839497,99.981219365877,3351
240,12,17839509,99.9812866197145,3339
241,0,17839509,99.9812866197145,3339
242,11,17839520,99.9813482690656,3328
243,1,17839521,99.981353873552,3327
244,0,17839521,99.981353873552,3327
245,0,17839521,99.981353873552,3327
246,3,17839524,99.9813706870114,3324
247,0,17839524,99.9813706870114,3324
248,0,17839524,99.9813706870114,3324
249,2,17839526,99.9813818959843,3322
250,0,17839526,99.9813818959843,3322
251,0,17839526,99.9813818959843,3322
252,12,17839538,99.9814491498218,3310
253,0,17839538,99.9814491498218,3310
254,0,17839538,99.9814491498218,3310
255,0,17839538,99.9814491498218,3310
256,3,17839541,99.9814659632812,3307
257,60,17839601,99.9818022324687,3247
258,4,17839605,99.9818246504146,3243
259,1,17839606,99.981830254901,3242
260,10,17839616,99.9818862997656,3232
261,6,17839622,99.9819199266844,3226
262,0,17839622,99.9819199266844,3226
263,0,17839622,99.9819199266844,3226
264,40,17839662,99.9821441061427,3186
265,6,17839668,99.9821777330614,3180
266,2,17839670,99.9821889420344,3178
267,1,17839671,99.9821945465208,3177
268,0,17839671,99.9821945465208,3177
269,0,17839671,99.9821945465208,3177
270,4,17839675,99.9822169644667,3173
271,0,17839675,99.9822169644667,3173
272,28,17839703,99.9823738900875,3145
273,0,17839703,99.9823738900875,3145
274,0,17839703,99.9823738900875,3145
275,0,17839703,99.9823738900875,3145
276,1,17839704,99.982379494574,3144
277,2,17839706,99.9823907035469,3142
278,0,17839706,99.9823907035469,3142
279,0,17839706,99.9823907035469,3142
280,0,17839706,99.9823907035469,3142
281,1,17839707,99.9823963080333,3141
282,0,17839707,99.9823963080333,3141
283,0,17839707,99.9823963080333,3141
284,1,17839708,99.9824019125198,3140
285,3,17839711,99.9824187259792,3137
286,1,17839712,99.9824243304656,3136
287,6,17839718,99.9824579573844,3130
288,293,17840011,99.9841000719168,2837
289,4,17840015,99.9841224898626,2833
290,6,17840021,99.9841561167814,2827
291,0,17840021,99.9841561167814,2827
292,0,17840021,99.9841561167814,2827
293,0,17840021,99.9841561167814,2827
294,23,17840044,99.9842850199699,2804
295,0,17840044,99.9842850199699,2804
296,3,17840047,99.9843018334293,2801
297,4,17840051,99.9843242513751,2797
298,0,17840051,99.9843242513751,2797
299,2,17840053,99.984335460348,2795
300,12,17840065,99.9844027141855,2783
301,0,17840065,99.9844027141855,2783
302,3,17840068,99.9844195276449,2780
303,0,17840068,99.9844195276449,2780
304,2,17840070,99.9844307366178,2778
305,0,17840070,99.9844307366178,2778
306,1,17840071,99.9844363411043,2777
307,0,17840071,99.9844363411043,2777
308,8,17840079,99.984481176996,2769
309,0,17840079,99.984481176996,2769
310,1,17840080,99.9844867814824,2768
311,0,17840080,99.9844867814824,2768
312,11,17840091,99.9845484308335,2757
313,0,17840091,99.9845484308335,2757
314,0,17840091,99.9845484308335,2757
315,1,17840092,99.9845540353199,2756
316,4,17840096,99.9845764532658,2752
317,0,17840096,99.9845764532658,2752
318,135,17840231,99.9853330589377,2617
319,0,17840231,99.9853330589377,2617
320,6,17840237,99.9853666858564,2611
321,2,17840239,99.9853778948293,2609
322,0,17840239,99.9853778948293,2609
323,0,17840239,99.9853778948293,2609
324,1,17840240,99.9853834993158,2608
325,2,17840242,99.9853947082887,2606
326,0,17840242,99.9853947082887,2606
327,0,17840242,99.9853947082887,2606
328,1,17840243,99.9854003127752,2605
329,3,17840246,99.9854171262346,2602
330,3,17840249,99.9854339396939,2599
331,0,17840249,99.9854339396939,2599
332,0,17840249,99.9854339396939,2599
333,2,17840251,99.9854451486669,2597
334,0,17840251,99.9854451486669,2597
335,1,17840252,99.9854507531533,2596
336,7,17840259,99.9854899845585,2589
337,3,17840262,99.9855067980179,2586
338,83,17840345,99.985971970394,2503
339,0,17840345,99.985971970394,2503
340,0,17840345,99.985971970394,2503
341,0,17840345,99.985971970394,2503
342,2,17840347,99.9859831793669,2501
343,0,17840347,99.9859831793669,2501
344,3,17840350,99.9859999928263,2498
345,2,17840352,99.9860112017992,2496
346,0,17840352,99.9860112017992,2496
347,0,17840352,99.9860112017992,2496
348,0,17840352,99.9860112017992,2496
349,0,17840352,99.9860112017992,2496
350,1,17840353,99.9860168062856,2495
351,0,17840353,99.9860168062856,2495
352,15,17840368,99.9861008735825,2480
353,3,17840371,99.9861176870419,2477
354,0,17840371,99.9861176870419,2477
355,3,17840374,99.9861345005013,2474
356,0,17840374,99.9861345005013,2474
357,0,17840374,99.9861345005013,2474
358,1,17840375,99.9861401049877,2473
359,0,17840375,99.9861401049877,2473
360,5,17840380,99.98616812742,2468
361,1,17840381,99.9861737319065,2467
362,0,17840381,99.9861737319065,2467
363,0,17840381,99.9861737319065,2467
364,2,17840383,99.9861849408794,2465
365,0,17840383,99.9861849408794,2465
366,0,17840383,99.9861849408794,2465
367,0,17840383,99.9861849408794,2465
368,1,17840384,99.9861905453659,2464
369,0,17840384,99.9861905453659,2464
370,0,17840384,99.9861905453659,2464
371,0,17840384,99.9861905453659,2464
372,3,17840387,99.9862073588252,2461
373,0,17840387,99.9862073588252,2461
374,19,17840406,99.9863138440679,2442
375,1,17840407,99.9863194485544,2441
376,1,17840408,99.9863250530409,2440
377,2,17840410,99.9863362620138,2438
378,0,17840410,99.9863362620138,2438
379,0,17840410,99.9863362620138,2438
380,1,17840411,99.9863418665002,2437
381,0,17840411,99.9863418665002,2437
382,0,17840411,99.9863418665002,2437
383,0,17840411,99.9863418665002,2437
384,45,17840456,99.9865940683909,2392
385,0,17840456,99.9865940683909,2392
386,0,17840456,99.9865940683909,2392
387,17,17840473,99.9866893446607,2375
388,0,17840473,99.9866893446607,2375
389,0,17840473,99.9866893446607,2375
390,0,17840473,99.9866893446607,2375
391,2,17840475,99.9867005536336,2373
392,3,17840478,99.986717367093,2370
393,1,17840479,99.9867229715794,2369
394,0,17840479,99.9867229715794,2369
395,0,17840479,99.9867229715794,2369
396,7,17840486,99.9867622029846,2362
397,0,17840486,99.9867622029846,2362
398,1,17840487,99.9867678074711,2361
399,0,17840487,99.9867678074711,2361
400,2,17840489,99.986779016444,2359
401,0,17840489,99.986779016444,2359
402,0,17840489,99.986779016444,2359
403,1,17840490,99.9867846209305,2358
404,0,17840490,99.9867846209305,2358
405,0,17840490,99.9867846209305,2358
406,2,17840492,99.9867958299034,2356
407,0,17840492,99.9867958299034,2356
408,23,17840515,99.9869247330919,2333
409,0,17840515,99.9869247330919,2333
410,0,17840515,99.9869247330919,2333
411,0,17840515,99.9869247330919,2333
412,0,17840515,99.9869247330919,2333
413,0,17840515,99.9869247330919,2333
414,0,17840515,99.9869247330919,2333
415,0,17840515,99.9869247330919,2333
416,0,17840515,99.9869247330919,2333
417,0,17840515,99.9869247330919,2333
418,0,17840515,99.9869247330919,2333
419,0,17840515,99.9869247330919,2333
420,0,17840515,99.9869247330919,2333
421,0,17840515,99.9869247330919,2333
422,0,17840515,99.9869247330919,2333
423,11,17840526,99.986986382443,2322
424,0,17840526,99.986986382443,2322
425,0,17840526,99.986986382443,2322
426,0,17840526,99.986986382443,2322
427,0,17840526,99.986986382443,2322
428,1,17840527,99.9869919869294,2321
429,0,17840527,99.9869919869294,2321
430,0,17840527,99.9869919869294,2321
431,0,17840527,99.9869919869294,2321
432,63,17840590,99.9873450695763,2258
433,0,17840590,99.9873450695763,2258
434,0,17840590,99.9873450695763,2258
435,0,17840590,99.9873450695763,2258
436,1,17840591,99.9873506740628,2257
437,1,17840592,99.9873562785493,2256
438,0,17840592,99.9873562785493,2256
439,0,17840592,99.9873562785493,2256
440,0,17840592,99.9873562785493,2256
441,21,17840613,99.9874739727649,2235
442,0,17840613,99.9874739727649,2235
443,0,17840613,99.9874739727649,2235
444,0,17840613,99.9874739727649,2235
445,0,17840613,99.9874739727649,2235
446,0,17840613,99.9874739727649,2235
447,0,17840613,99.9874739727649,2235
448,5,17840618,99.9875019951972,2230
449,0,17840618,99.9875019951972,2230
450,2,17840620,99.9875132041701,2228
451,0,17840620,99.9875132041701,2228
452,2,17840622,99.987524413143,2226
453,0,17840622,99.987524413143,2226
454,0,17840622,99.987524413143,2226
455,0,17840622,99.987524413143,2226
456,0,17840622,99.987524413143,2226
457,0,17840622,99.987524413143,2226
458,1,17840623,99.9875300176295,2225
459,0,17840623,99.9875300176295,2225
460,1,17840624,99.9875356221159,2224
461,0,17840624,99.9875356221159,2224
462,5,17840629,99.9875636445482,2219
463,0,17840629,99.9875636445482,2219
464,0,17840629,99.9875636445482,2219
465,0,17840629,99.9875636445482,2219
466,0,17840629,99.9875636445482,2219
467,0,17840629,99.9875636445482,2219
468,1,17840630,99.9875692490347,2218
469,0,17840630,99.9875692490347,2218
470,0,17840630,99.9875692490347,2218
471,0,17840630,99.9875692490347,2218
472,0,17840630,99.9875692490347,2218
473,0,17840630,99.9875692490347,2218
474,0,17840630,99.9875692490347,2218
475,0,17840630,99.9875692490347,2218
476,0,17840630,99.9875692490347,2218
477,0,17840630,99.9875692490347,2218
478,0,17840630,99.9875692490347,2218
479,0,17840630,99.9875692490347,2218
480,4,17840634,99.9875916669805,2214
481,0,17840634,99.9875916669805,2214
482,1,17840635,99.987597271467,2213
483,0,17840635,99.987597271467,2213
484,2,17840637,99.9876084804399,2211
485,0,17840637,99.9876084804399,2211
486,0,17840637,99.9876084804399,2211
487,0,17840637,99.9876084804399,2211
488,0,17840637,99.9876084804399,2211
489,0,17840637,99.9876084804399,2211
490,0,17840637,99.9876084804399,2211
491,0,17840637,99.9876084804399,2211
492,0,17840637,99.9876084804399,2211
493,1,17840638,99.9876140849263,2210
494,2,17840640,99.9876252938993,2208
495,0,17840640,99.9876252938993,2208
496,2,17840642,99.9876365028722,2206
497,2,17840644,99.9876477118451,2204
498,4,17840648,99.9876701297909,2200
499,0,17840648,99.9876701297909,2200
500,0,17840648,99.9876701297909,2200
501,0,17840648,99.9876701297909,2200
502,0,17840648,99.9876701297909,2200
503,1,17840649,99.9876757342774,2199
504,34,17840683,99.987866286817,2165
505,0,17840683,99.987866286817,2165
506,0,17840683,99.987866286817,2165
507,0,17840683,99.987866286817,2165
508,0,17840683,99.987866286817,2165
509,0,17840683,99.987866286817,2165
510,0,17840683,99.987866286817,2165
511,1,17840684,99.9878718913035,2164
512,6,17840690,99.9879055182222,2158
513,2,17840692,99.9879167271951,2156
514,3,17840695,99.9879335406545,2153
515,1,17840696,99.987939145141,2152
516,0,17840696,99.987939145141,2152
517,0,17840696,99.987939145141,2152
518,0,17840696,99.987939145141,2152
519,0,17840696,99.987939145141,2152
520,0,17840696,99.987939145141,2152
521,0,17840696,99.987939145141,2152
522,0,17840696,99.987939145141,2152
523,0,17840696,99.987939145141,2152
524,0,17840696,99.987939145141,2152
525,1,17840697,99.9879447496274,2151
526,0,17840697,99.9879447496274,2151
527,0,17840697,99.9879447496274,2151
528,13,17840710,99.9880176079514,2138
529,0,17840710,99.9880176079514,2138
530,0,17840710,99.9880176079514,2138
531,0,17840710,99.9880176079514,2138
532,0,17840710,99.9880176079514,2138
533,0,17840710,99.9880176079514,2138
534,0,17840710,99.9880176079514,2138
535,0,17840710,99.9880176079514,2138
536,2,17840712,99.9880288169243,2136
537,0,17840712,99.9880288169243,2136
538,0,17840712,99.9880288169243,2136
539,1,17840713,99.9880344214107,2135
540,0,17840713,99.9880344214107,2135
541,0,17840713,99.9880344214107,2135
542,0,17840713,99.9880344214107,2135
543,0,17840713,99.9880344214107,2135
544,0,17840713,99.9880344214107,2135
545,0,17840713,99.9880344214107,2135
546,3,17840716,99.9880512348701,2132
547,0,17840716,99.9880512348701,2132
548,0,17840716,99.9880512348701,2132
549,0,17840716,99.9880512348701,2132
550,0,17840716,99.9880512348701,2132
551,1,17840717,99.9880568393566,2131
552,0,17840717,99.9880568393566,2131
553,0,17840717,99.9880568393566,2131
554,0,17840717,99.9880568393566,2131
555,0,17840717,99.9880568393566,2131
556,0,17840717,99.9880568393566,2131
557,0,17840717,99.9880568393566,2131
558,2,17840719,99.9880680483295,2129
559,0,17840719,99.9880680483295,2129
560,2,17840721,99.9880792573024,2127
561,137,17840858,99.9888470719473,1990
562,7,17840865,99.9888863033525,1983
563,0,17840865,99.9888863033525,1983
564,1,17840866,99.9888919078389,1982
565,0,17840866,99.9888919078389,1982
566,0,17840866,99.9888919078389,1982
567,0,17840866,99.9888919078389,1982
568,1,17840867,99.9888975123254,1981
569,0,17840867,99.9888975123254,1981
570,0,17840867,99.9888975123254,1981
571,0,17840867,99.9888975123254,1981
572,1,17840868,99.9889031168118,1980
573,0,17840868,99.9889031168118,1980
574,0,17840868,99.9889031168118,1980
575,0,17840868,99.9889031168118,1980
576,71,17840939,99.9893010353504,1909
577,0,17840939,99.9893010353504,1909
578,1,17840940,99.9893066398369,1908
579,0,17840940,99.9893066398369,1908
580,1,17840941,99.9893122443233,1907
581,0,17840941,99.9893122443233,1907
582,1,17840942,99.9893178488098,1906
583,0,17840942,99.9893178488098,1906
584,0,17840942,99.9893178488098,1906
585,0,17840942,99.9893178488098,1906
586,1,17840943,99.9893234532963,1905
587,0,17840943,99.9893234532963,1905
588,31,17840974,99.9894971923765,1874
589,0,17840974,99.9894971923765,1874
590,1,17840975,99.9895027968629,1873
591,0,17840975,99.9895027968629,1873
592,2,17840977,99.9895140058358,1871
593,0,17840977,99.9895140058358,1871
594,0,17840977,99.9895140058358,1871
595,0,17840977,99.9895140058358,1871
596,0,17840977,99.9895140058358,1871
597,1,17840978,99.9895196103223,1870
598,0,17840978,99.9895196103223,1870
599,0,17840978,99.9895196103223,1870
600,2,17840980,99.9895308192952,1868
601,0,17840980,99.9895308192952,1868
602,0,17840980,99.9895308192952,1868
603,0,17840980,99.9895308192952,1868
604,0,17840980,99.9895308192952,1868
605,0,17840980,99.9895308192952,1868
606,0,17840980,99.9895308192952,1868
607,0,17840980,99.9895308192952,1868
608,0,17840980,99.9895308192952,1868
609,0,17840980,99.9895308192952,1868
610,0,17840980,99.9895308192952,1868
611,0,17840980,99.9895308192952,1868
612,28,17841008,99.9896877449161,1840
613,0,17841008,99.9896877449161,1840
614,0,17841008,99.9896877449161,1840
615,0,17841008,99.9896877449161,1840
616,0,17841008,99.9896877449161,1840
617,0,17841008,99.9896877449161,1840
618,1,17841009,99.9896933494025,1839
619,0,17841009,99.9896933494025,1839
620,0,17841009,99.9896933494025,1839
621,0,17841009,99.9896933494025,1839
622,0,17841009,99.9896933494025,1839
623,0,17841009,99.9896933494025,1839
624,1,17841010,99.989698953889,1838
625,0,17841010,99.989698953889,1838
626,2,17841012,99.9897101628619,1836
627,0,17841012,99.9897101628619,1836
628,0,17841012,99.9897101628619,1836
629,0,17841012,99.9897101628619,1836
630,2,17841014,99.9897213718348,1834
631,0,17841014,99.9897213718348,1834
632,0,17841014,99.9897213718348,1834
633,0,17841014,99.9897213718348,1834
634,0,17841014,99.9897213718348,1834
635,0,17841014,99.9897213718348,1834
636,1,17841015,99.9897269763213,1833
637,0,17841015,99.9897269763213,1833
638,0,17841015,99.9897269763213,1833
639,0,17841015,99.9897269763213,1833
640,5,17841020,99.9897549987536,1828
641,0,17841020,99.9897549987536,1828
642,0,17841020,99.9897549987536,1828
643,1,17841021,99.98976060324,1827
644,0,17841021,99.98976060324,1827
645,0,17841021,99.98976060324,1827
646,0,17841021,99.98976060324,1827
647,0,17841021,99.98976060324,1827
648,32,17841053,99.9899399468067,1795
649,3,17841056,99.9899567602661,1792
650,0,17841056,99.9899567602661,1792
651,0,17841056,99.9899567602661,1792
652,0,17841056,99.9899567602661,1792
653,0,17841056,99.9899567602661,1792
654,0,17841056,99.9899567602661,1792
655,1,17841057,99.9899623647525,1791
656,0,17841057,99.9899623647525,1791
657,0,17841057,99.9899623647525,1791
658,0,17841057,99.9899623647525,1791
659,0,17841057,99.9899623647525,1791
660,0,17841057,99.9899623647525,1791
661,1,17841058,99.989967969239,1790
662,0,17841058,99.989967969239,1790
663,0,17841058,99.989967969239,1790
664,0,17841058,99.989967969239,1790
665,0,17841058,99.989967969239,1790
666,0,17841058,99.989967969239,1790
667,0,17841058,99.989967969239,1790
668,1,17841059,99.9899735737255,1789
669,0,17841059,99.9899735737255,1789
670,0,17841059,99.9899735737255,1789
671,2,17841061,99.9899847826984,1787
672,1,17841062,99.9899903871848,1786
673,0,17841062,99.9899903871848,1786
674,0,17841062,99.9899903871848,1786
675,0,17841062,99.9899903871848,1786
676,0,17841062,99.9899903871848,1786
677,0,17841062,99.9899903871848,1786
678,0,17841062,99.9899903871848,1786
679,0,17841062,99.9899903871848,1786
680,1,17841063,99.9899959916713,1785
681,0,17841063,99.9899959916713,1785
682,0,17841063,99.9899959916713,1785
683,0,17841063,99.9899959916713,1785
684,2,17841065,99.9900072006442,1783
685,0,17841065,99.9900072006442,1783
686,0,17841065,99.9900072006442,1783
687,1,17841066,99.9900128051307,1782
688,1,17841067,99.9900184096171,1781
689,0,17841067,99.9900184096171,1781
690,0,17841067,99.9900184096171,1781
691,0,17841067,99.9900184096171,1781
692,0,17841067,99.9900184096171,1781
693,0,17841067,99.9900184096171,1781
694,0,17841067,99.9900184096171,1781
695,0,17841067,99.9900184096171,1781
696,1,17841068,99.9900240141036,1780
697,0,17841068,99.9900240141036,1780
698,0,17841068,99.9900240141036,1780
699,0,17841068,99.9900240141036,1780
700,0,17841068,99.9900240141036,1780
701,1,17841069,99.99002961859,1779
702,0,17841069,99.99002961859,1779
703,0,17841069,99.99002961859,1779
704,2,17841071,99.990040827563,1777
705,0,17841071,99.990040827563,1777
706,0,17841071,99.990040827563,1777
707,0,17841071,99.990040827563,1777
708,0,17841071,99.990040827563,1777
709,0,17841071,99.990040827563,1777
710,1,17841072,99.9900464320494,1776
711,0,17841072,99.9900464320494,1776
712,1,17841073,99.9900520365359,1775
713,0,17841073,99.9900520365359,1775
714,0,17841073,99.9900520365359,1775
715,0,17841073,99.9900520365359,1775
716,0,17841073,99.9900520365359,1775
717,0,17841073,99.9900520365359,1775
718,0,17841073,99.9900520365359,1775
719,0,17841073,99.9900520365359,1775
720,16,17841089,99.9901417083192,1759
721,0,17841089,99.9901417083192,1759
722,0,17841089,99.9901417083192,1759
723,0,17841089,99.9901417083192,1759
724,2,17841091,99.9901529172921,1757
725,0,17841091,99.9901529172921,1757
726,0,17841091,99.9901529172921,1757
727,0,17841091,99.9901529172921,1757
728,0,17841091,99.9901529172921,1757
729,0,17841091,99.9901529172921,1757
730,0,17841091,99.9901529172921,1757
731,0,17841091,99.9901529172921,1757
732,0,17841091,99.9901529172921,1757
733,0,17841091,99.9901529172921,1757
734,0,17841091,99.9901529172921,1757
735,0,17841091,99.9901529172921,1757
736,0,17841091,99.9901529172921,1757
737,0,17841091,99.9901529172921,1757
738,0,17841091,99.9901529172921,1757
739,0,17841091,99.9901529172921,1757
740,0,17841091,99.9901529172921,1757
741,0,17841091,99.9901529172921,1757
742,0,17841091,99.9901529172921,1757
743,0,17841091,99.9901529172921,1757
744,0,17841091,99.9901529172921,1757
745,0,17841091,99.9901529172921,1757
746,0,17841091,99.9901529172921,1757
747,0,17841091,99.9901529172921,1757
748,6,17841097,99.9901865442109,1751
749,3,17841100,99.9902033576703,1748
750,0,17841100,99.9902033576703,1748
751,0,17841100,99.9902033576703,1748
752,0,17841100,99.9902033576703,1748
753,0,17841100,99.9902033576703,1748
754,0,17841100,99.9902033576703,1748
755,0,17841100,99.9902033576703,1748
756,0,17841100,99.9902033576703,1748
757,0,17841100,99.9902033576703,1748
758,0,17841100,99.9902033576703,1748
759,0,17841100,99.9902033576703,1748
760,0,17841100,99.9902033576703,1748
761,0,17841100,99.9902033576703,1748
762,0,17841100,99.9902033576703,1748
763,0,17841100,99.9902033576703,1748
764,0,17841100,99.9902033576703,1748
765,0,17841100,99.9902033576703,1748
766,0,17841100,99.9902033576703,1748
767,0,17841100,99.9902033576703,1748
768,27,17841127,99.9903546788046,1721
769,0,17841127,99.9903546788046,1721
770,0,17841127,99.9903546788046,1721
771,0,17841127,99.9903546788046,1721
772,0,17841127,99.9903546788046,1721
773,2,17841129,99.9903658877776,1719
774,0,17841129,99.9903658877776,1719
775,0,17841129,99.9903658877776,1719
776,0,17841129,99.9903658877776,1719
777,0,17841129,99.9903658877776,1719
778,0,17841129,99.9903658877776,1719
779,0,17841129,99.9903658877776,1719
780,0,17841129,99.9903658877776,1719
781,0,17841129,99.9903658877776,1719
782,0,17841129,99.9903658877776,1719
783,0,17841129,99.9903658877776,1719
784,2,17841131,99.9903770967505,1717
785,0,17841131,99.9903770967505,1717
786,0,17841131,99.9903770967505,1717
787,0,17841131,99.9903770967505,1717
788,0,17841131,99.9903770967505,1717
789,0,17841131,99.9903770967505,1717
790,0,17841131,99.9903770967505,1717
791,0,17841131,99.9903770967505,1717
792,9,17841140,99.9904275371286,1708
793,0,17841140,99.9904275371286,1708
794,0,17841140,99.9904275371286,1708
795,0,17841140,99.9904275371286,1708
796,0,17841140,99.9904275371286,1708
797,0,17841140,99.9904275371286,1708
798,0,17841140,99.9904275371286,1708
799,0,17841140,99.9904275371286,1708
800,4,17841144,99.9904499550744,1704
801,1,17841145,99.9904555595609,1703
802,0,17841145,99.9904555595609,1703
803,0,17841145,99.9904555595609,1703
804,0,17841145,99.9904555595609,1703
805,0,17841145,99.9904555595609,1703
806,0,17841145,99.9904555595609,1703
807,0,17841145,99.9904555595609,1703
808,0,17841145,99.9904555595609,1703
809,0,17841145,99.9904555595609,1703
810,0,17841145,99.9904555595609,1703
811,0,17841145,99.9904555595609,1703
812,0,17841145,99.9904555595609,1703
813,0,17841145,99.9904555595609,1703
814,0,17841145,99.9904555595609,1703
815,0,17841145,99.9904555595609,1703
816,0,17841145,99.9904555595609,1703
817,0,17841145,99.9904555595609,1703
818,0,17841145,99.9904555595609,1703
819,0,17841145,99.9904555595609,1703
820,0,17841145,99.9904555595609,1703
821,0,17841145,99.9904555595609,1703
822,0,17841145,99.9904555595609,1703
823,0,17841145,99.9904555595609,1703
824,7,17841152,99.9904947909661,1696
825,0,17841152,99.9904947909661,1696
826,2,17841154,99.990505999939,1694
827,0,17841154,99.990505999939,1694
828,0,17841154,99.990505999939,1694
829,0,17841154,99.990505999939,1694
830,0,17841154,99.990505999939,1694
831,0,17841154,99.990505999939,1694
832,0,17841154,99.990505999939,1694
833,0,17841154,99.990505999939,1694
834,0,17841154,99.990505999939,1694
835,0,17841154,99.990505999939,1694
836,0,17841154,99.990505999939,1694
837,0,17841154,99.990505999939,1694
838,0,17841154,99.990505999939,1694
839,0,17841154,99.990505999939,1694
840,4,17841158,99.9905284178849,1690
841,0,17841158,99.9905284178849,1690
842,0,17841158,99.9905284178849,1690
843,0,17841158,99.9905284178849,1690
844,0,17841158,99.9905284178849,1690
845,1,17841159,99.9905340223713,1689
846,0,17841159,99.9905340223713,1689
847,0,17841159,99.9905340223713,1689
848,2,17841161,99.9905452313442,1687
849,0,17841161,99.9905452313442,1687
850,0,17841161,99.9905452313442,1687
851,0,17841161,99.9905452313442,1687
852,0,17841161,99.9905452313442,1687
853,4,17841165,99.9905676492901,1683
854,0,17841165,99.9905676492901,1683
855,0,17841165,99.9905676492901,1683
856,0,17841165,99.9905676492901,1683
857,0,17841165,99.9905676492901,1683
858,0,17841165,99.9905676492901,1683
859,0,17841165,99.9905676492901,1683
860,0,17841165,99.9905676492901,1683
861,1,17841166,99.9905732537765,1682
862,0,17841166,99.9905732537765,1682
863,0,17841166,99.9905732537765,1682
864,40,17841206,99.9907974332349,1642
865,0,17841206,99.9907974332349,1642
866,0,17841206,99.9907974332349,1642
867,0,17841206,99.9907974332349,1642
868,0,17841206,99.9907974332349,1642
869,0,17841206,99.9907974332349,1642
870,0,17841206,99.9907974332349,1642
871,0,17841206,99.9907974332349,1642
872,0,17841206,99.9907974332349,1642
873,0,17841206,99.9907974332349,1642
874,0,17841206,99.9907974332349,1642
875,0,17841206,99.9907974332349,1642
876,0,17841206,99.9907974332349,1642
877,0,17841206,99.9907974332349,1642
878,0,17841206,99.9907974332349,1642
879,0,17841206,99.9907974332349,1642
880,0,17841206,99.9907974332349,1642
881,0,17841206,99.9907974332349,1642
882,136,17841342,99.9915596433932,1506
883,0,17841342,99.9915596433932,1506
884,0,17841342,99.9915596433932,1506
885,0,17841342,99.9915596433932,1506
886,0,17841342,99.9915596433932,1506
887,0,17841342,99.9915596433932,1506
888,3,17841345,99.9915764568526,1503
889,0,17841345,99.9915764568526,1503
890,0,17841345,99.9915764568526,1503
891,0,17841345,99.9915764568526,1503
892,0,17841345,99.9915764568526,1503
893,0,17841345,99.9915764568526,1503
894,11,17841356,99.9916381062037,1492
895,0,17841356,99.9916381062037,1492
896,3,17841359,99.991654919663,1489
897,1,17841360,99.9916605241495,1488
898,0,17841360,99.9916605241495,1488
899,0,17841360,99.9916605241495,1488
900,0,17841360,99.9916605241495,1488
901,0,17841360,99.9916605241495,1488
902,0,17841360,99.9916605241495,1488
903,0,17841360,99.9916605241495,1488
904,0,17841360,99.9916605241495,1488
905,0,17841360,99.9916605241495,1488
906,0,17841360,99.9916605241495,1488
907,0,17841360,99.9916605241495,1488
908,0,17841360,99.9916605241495,1488
909,0,17841360,99.9916605241495,1488
910,0,17841360,99.9916605241495,1488
911,0,17841360,99.9916605241495,1488
912,0,17841360,99.9916605241495,1488
913,0,17841360,99.9916605241495,1488
914,0,17841360,99.9916605241495,1488
915,0,17841360,99.9916605241495,1488
916,0,17841360,99.9916605241495,1488
917,0,17841360,99.9916605241495,1488
918,0,17841360,99.9916605241495,1488
919,0,17841360,99.9916605241495,1488
920,0,17841360,99.9916605241495,1488
921,0,17841360,99.9916605241495,1488
922,0,17841360,99.9916605241495,1488
923,0,17841360,99.9916605241495,1488
924,0,17841360,99.9916605241495,1488
925,0,17841360,99.9916605241495,1488
926,0,17841360,99.9916605241495,1488
927,0,17841360,99.9916605241495,1488
928,0,17841360,99.9916605241495,1488
929,26,17841386,99.9918062407974,1462
930,0,17841386,99.9918062407974,1462
931,0,17841386,99.9918062407974,1462
932,0,17841386,99.9918062407974,1462
933,0,17841386,99.9918062407974,1462
934,3,17841389,99.9918230542568,1459
935,0,17841389,99.9918230542568,1459
936,6,17841395,99.9918566811756,1453
937,0,17841395,99.9918566811756,1453
938,0,17841395,99.9918566811756,1453
939,0,17841395,99.9918566811756,1453
940,0,17841395,99.9918566811756,1453
941,0,17841395,99.9918566811756,1453
942,0,17841395,99.9918566811756,1453
943,0,17841395,99.9918566811756,1453
944,0,17841395,99.9918566811756,1453
945,0,17841395,99.9918566811756,1453
946,0,17841395,99.9918566811756,1453
947,0,17841395,99.9918566811756,1453
948,0,17841395,99.9918566811756,1453
949,0,17841395,99.9918566811756,1453
950,0,17841395,99.9918566811756,1453
951,0,17841395,99.9918566811756,1453
952,0,17841395,99.9918566811756,1453
953,0,17841395,99.9918566811756,1453
954,0,17841395,99.9918566811756,1453
955,0,17841395,99.9918566811756,1453
956,0,17841395,99.9918566811756,1453
957,0,17841395,99.9918566811756,1453
958,0,17841395,99.9918566811756,1453
959,0,17841395,99.9918566811756,1453
960,1,17841396,99.991862285662,1452
961,0,17841396,99.991862285662,1452
962,0,17841396,99.991862285662,1452
963,0,17841396,99.991862285662,1452
964,0,17841396,99.991862285662,1452
965,0,17841396,99.991862285662,1452
966,0,17841396,99.991862285662,1452
967,0,17841396,99.991862285662,1452
968,6,17841402,99.9918959125808,1446
969,0,17841402,99.9918959125808,1446
970,0,17841402,99.9918959125808,1446
971,0,17841402,99.9918959125808,1446
972,0,17841402,99.9918959125808,1446
973,0,17841402,99.9918959125808,1446
974,0,17841402,99.9918959125808,1446
975,0,17841402,99.9918959125808,1446
976,0,17841402,99.9918959125808,1446
977,0,17841402,99.9918959125808,1446
978,1,17841403,99.9919015170672,1445
979,0,17841403,99.9919015170672,1445
980,0,17841403,99.9919015170672,1445
981,0,17841403,99.9919015170672,1445
982,0,17841403,99.9919015170672,1445
983,0,17841403,99.9919015170672,1445
984,0,17841403,99.9919015170672,1445
985,0,17841403,99.9919015170672,1445
986,6,17841409,99.991935143986,1439
987,3,17841412,99.9919519574454,1436
988,0,17841412,99.9919519574454,1436
989,0,17841412,99.9919519574454,1436
990,0,17841412,99.9919519574454,1436
991,0,17841412,99.9919519574454,1436
992,0,17841412,99.9919519574454,1436
993,0,17841412,99.9919519574454,1436
994,0,17841412,99.9919519574454,1436
995,0,17841412,99.9919519574454,1436
996,0,17841412,99.9919519574454,1436
997,0,17841412,99.9919519574454,1436
998,0,17841412,99.9919519574454,1436
999,0,17841412,99.9919519574454,1436
1000,0,17841412,99.9919519574454,1436
1001,0,17841412,99.9919519574454,1436
1002,0,17841412,99.9919519574454,1436
1003,0,17841412,99.9919519574454,1436
1004,0,17841412,99.9919519574454,1436
1005,0,17841412,99.9919519574454,1436
1006,0,17841412,99.9919519574454,1436
1007,0,17841412,99.9919519574454,1436
1008,1,17841413,99.9919575619318,1435
1009,0,17841413,99.9919575619318,1435
1010,0,17841413,99.9919575619318,1435
1011,0,17841413,99.9919575619318,1435
1012,0,17841413,99.9919575619318,1435
1013,0,17841413,99.9919575619318,1435
1014,0,17841413,99.9919575619318,1435
1015,0,17841413,99.9919575619318,1435
1016,0,17841413,99.9919575619318,1435
1017,0,17841413,99.9919575619318,1435
1018,0,17841413,99.9919575619318,1435
1019,0,17841413,99.9919575619318,1435
1020,0,17841413,99.9919575619318,1435
1021,0,17841413,99.9919575619318,1435
1022,0,17841413,99.9919575619318,1435
1023,0,17841413,99.9919575619318,1435
1024,1,17841414,99.9919631664183,1434
1025,3,17841417,99.9919799798777,1431
1026,0,17841417,99.9919799798777,1431
1027,0,17841417,99.9919799798777,1431
1028,0,17841417,99.9919799798777,1431
1029,0,17841417,99.9919799798777,1431
1030,0,17841417,99.9919799798777,1431
1031,0,17841417,99.9919799798777,1431
1032,1,17841418,99.9919855843641,1430
1033,0,17841418,99.9919855843641,1430
1034,0,17841418,99.9919855843641,1430
1035,0,17841418,99.9919855843641,1430
1036,0,17841418,99.9919855843641,1430
1037,0,17841418,99.9919855843641,1430
1038,0,17841418,99.9919855843641,1430
1039,0,17841418,99.9919855843641,1430
1040,0,17841418,99.9919855843641,1430
1041,1,17841419,99.9919911888506,1429
1042,0,17841419,99.9919911888506,1429
1043,0,17841419,99.9919911888506,1429
1044,0,17841419,99.9919911888506,1429
1045,0,17841419,99.9919911888506,1429
1046,0,17841419,99.9919911888506,1429
1047,0,17841419,99.9919911888506,1429
1048,0,17841419,99.9919911888506,1429
1049,0,17841419,99.9919911888506,1429
1050,0,17841419,99.9919911888506,1429
1051,0,17841419,99.9919911888506,1429
1052,0,17841419,99.9919911888506,1429
1053,0,17841419,99.9919911888506,1429
1054,0,17841419,99.9919911888506,1429
1055,0,17841419,99.9919911888506,1429
1056,0,17841419,99.9919911888506,1429
1057,0,17841419,99.9919911888506,1429
1058,0,17841419,99.9919911888506,1429
1059,0,17841419,99.9919911888506,1429
1060,0,17841419,99.9919911888506,1429
1061,0,17841419,99.9919911888506,1429
1062,10,17841429,99.9920472337152,1419
1063,0,17841429,99.9920472337152,1419
1064,0,17841429,99.9920472337152,1419
1065,0,17841429,99.9920472337152,1419
1066,0,17841429,99.9920472337152,1419
1067,0,17841429,99.9920472337152,1419
1068,0,17841429,99.9920472337152,1419
1069,0,17841429,99.9920472337152,1419
1070,0,17841429,99.9920472337152,1419
1071,0,17841429,99.9920472337152,1419
1072,0,17841429,99.9920472337152,1419
1073,0,17841429,99.9920472337152,1419
1074,0,17841429,99.9920472337152,1419
1075,0,17841429,99.9920472337152,1419
1076,0,17841429,99.9920472337152,1419
1077,0,17841429,99.9920472337152,1419
1078,2,17841431,99.9920584426881,1417
1079,0,17841431,99.9920584426881,1417
1080,2,17841433,99.992069651661,1415
1081,0,17841433,99.992069651661,1415
1082,0,17841433,99.992069651661,1415
1083,0,17841433,99.992069651661,1415
1084,0,17841433,99.992069651661,1415
1085,0,17841433,99.992069651661,1415
1086,3,17841436,99.9920864651204,1412
1087,0,17841436,99.9920864651204,1412
1088,2,17841438,99.9920976740933,1410
1089,0,17841438,99.9920976740933,1410
1090,0,17841438,99.9920976740933,1410
1091,0,17841438,99.9920976740933,1410
1092,1,17841439,99.9921032785797,1409
1093,0,17841439,99.9921032785797,1409
1094,0,17841439,99.9921032785797,1409
1095,0,17841439,99.9921032785797,1409
1096,1,17841440,99.9921088830662,1408
1097,0,17841440,99.9921088830662,1408
1098,1,17841441,99.9921144875527,1407
1099,0,17841441,99.9921144875527,1407
1100,0,17841441,99.9921144875527,1407
1101,0,17841441,99.9921144875527,1407
1102,0,17841441,99.9921144875527,1407
1103,0,17841441,99.9921144875527,1407
1104,0,17841441,99.9921144875527,1407
1105,0,17841441,99.9921144875527,1407
1106,0,17841441,99.9921144875527,1407
1107,0,17841441,99.9921144875527,1407
1108,0,17841441,99.9921144875527,1407
1109,0,17841441,99.9921144875527,1407
1110,4,17841445,99.9921369054985,1403
1111,0,17841445,99.9921369054985,1403
1112,0,17841445,99.9921369054985,1403
1113,0,17841445,99.9921369054985,1403
1114,0,17841445,99.9921369054985,1403
1115,0,17841445,99.9921369054985,1403
1116,1,17841446,99.992142509985,1402
1117,0,17841446,99.992142509985,1402
1118,0,17841446,99.992142509985,1402
1119,0,17841446,99.992142509985,1402
1120,0,17841446,99.992142509985,1402
1121,0,17841446,99.992142509985,1402
1122,0,17841446,99.992142509985,1402
1123,0,17841446,99.992142509985,1402
1124,0,17841446,99.992142509985,1402
1125,0,17841446,99.992142509985,1402
1126,0,17841446,99.992142509985,1402
1127,0,17841446,99.992142509985,1402
1128,0,17841446,99.992142509985,1402
1129,0,17841446,99.992142509985,1402
1130,0,17841446,99.992142509985,1402
1131,0,17841446,99.992142509985,1402
1132,0,17841446,99.992142509985,1402
1133,0,17841446,99.992142509985,1402
1134,0,17841446,99.992142509985,1402
1135,0,17841446,99.992142509985,1402
1136,0,17841446,99.992142509985,1402
1137,0,17841446,99.992142509985,1402
1138,0,17841446,99.992142509985,1402
1139,0,17841446,99.992142509985,1402
1140,0,17841446,99.992142509985,1402
1141,0,17841446,99.992142509985,1402
1142,0,17841446,99.992142509985,1402
1143,0,17841446,99.992142509985,1402
1144,0,17841446,99.992142509985,1402
1145,0,17841446,99.992142509985,1402
1146,0,17841446,99.992142509985,1402
1147,0,17841446,99.992142509985,1402
1148,0,17841446,99.992142509985,1402
1149,0,17841446,99.992142509985,1402
1150,0,17841446,99.992142509985,1402
1151,0,17841446,99.992142509985,1402
1152,26,17841472,99.9922882266329,1376
1153,0,17841472,99.9922882266329,1376
1154,0,17841472,99.9922882266329,1376
1155,0,17841472,99.9922882266329,1376
1156,0,17841472,99.9922882266329,1376
1157,0,17841472,99.9922882266329,1376
1158,0,17841472,99.9922882266329,1376
1159,0,17841472,99.9922882266329,1376
1160,0,17841472,99.9922882266329,1376
1161,0,17841472,99.9922882266329,1376
1162,0,17841472,99.9922882266329,1376
1163,0,17841472,99.9922882266329,1376
1164,1,17841473,99.9922938311193,1375
1165,0,17841473,99.9922938311193,1375
1166,0,17841473,99.9922938311193,1375
1167,0,17841473,99.9922938311193,1375
1168,0,17841473,99.9922938311193,1375
1169,0,17841473,99.9922938311193,1375
1170,0,17841473,99.9922938311193,1375
1171,0,17841473,99.9922938311193,1375
1172,0,17841473,99.9922938311193,1375
1173,0,17841473,99.9922938311193,1375
1174,0,17841473,99.9922938311193,1375
1175,0,17841473,99.9922938311193,1375
1176,4,17841477,99.9923162490652,1371
1177,0,17841477,99.9923162490652,1371
1178,0,17841477,99.9923162490652,1371
1179,0,17841477,99.9923162490652,1371
1180,0,17841477,99.9923162490652,1371
1181,1,17841478,99.9923218535516,1370
1182,0,17841478,99.9923218535516,1370
1183,0,17841478,99.9923218535516,1370
1184,0,17841478,99.9923218535516,1370
1185,0,17841478,99.9923218535516,1370
1186,0,17841478,99.9923218535516,1370
1187,0,17841478,99.9923218535516,1370
1188,2,17841480,99.9923330625246,1368
1189,0,17841480,99.9923330625246,1368
1190,0,17841480,99.9923330625246,1368
1191,0,17841480,99.9923330625246,1368
1192,0,17841480,99.9923330625246,1368
1193,0,17841480,99.9923330625246,1368
1194,3,17841483,99.9923498759839,1365
1195,0,17841483,99.9923498759839,1365
1196,0,17841483,99.9923498759839,1365
1197,0,17841483,99.9923498759839,1365
1198,0,17841483,99.9923498759839,1365
1199,0,17841483,99.9923498759839,1365
1200,0,17841483,99.9923498759839,1365
1201,0,17841483,99.9923498759839,1365
1202,0,17841483,99.9923498759839,1365
1203,0,17841483,99.9923498759839,1365
1204,0,17841483,99.9923498759839,1365
1205,0,17841483,99.9923498759839,1365
1206,0,17841483,99.9923498759839,1365
1207,0,17841483,99.9923498759839,1365
1208,0,17841483,99.9923498759839,1365
1209,0,17841483,99.9923498759839,1365
1210,0,17841483,99.9923498759839,1365
1211,0,17841483,99.9923498759839,1365
1212,0,17841483,99.9923498759839,1365
1213,0,17841483,99.9923498759839,1365
1214,0,17841483,99.9923498759839,1365
1215,0,17841483,99.9923498759839,1365
1216,1,17841484,99.9923554804704,1364
1217,0,17841484,99.9923554804704,1364
1218,0,17841484,99.9923554804704,1364
1219,0,17841484,99.9923554804704,1364
1220,0,17841484,99.9923554804704,1364
1221,0,17841484,99.9923554804704,1364
1222,0,17841484,99.9923554804704,1364
1223,0,17841484,99.9923554804704,1364
1224,0,17841484,99.9923554804704,1364
1225,0,17841484,99.9923554804704,1364
1226,0,17841484,99.9923554804704,1364
1227,0,17841484,99.9923554804704,1364
1228,0,17841484,99.9923554804704,1364
1229,0,17841484,99.9923554804704,1364
1230,0,17841484,99.9923554804704,1364
1231,0,17841484,99.9923554804704,1364
1232,0,17841484,99.9923554804704,1364
1233,0,17841484,99.9923554804704,1364
1234,6,17841490,99.9923891073891,1358
1235,0,17841490,99.9923891073891,1358
1236,0,17841490,99.9923891073891,1358
1237,0,17841490,99.9923891073891,1358
1238,0,17841490,99.9923891073891,1358
1239,0,17841490,99.9923891073891,1358
1240,0,17841490,99.9923891073891,1358
1241,0,17841490,99.9923891073891,1358
1242,0,17841490,99.9923891073891,1358
1243,0,17841490,99.9923891073891,1358
1244,1,17841491,99.9923947118756,1357
1245,0,17841491,99.9923947118756,1357
1246,0,17841491,99.9923947118756,1357
1247,0,17841491,99.9923947118756,1357
1248,0,17841491,99.9923947118756,1357
1249,0,17841491,99.9923947118756,1357
1250,0,17841491,99.9923947118756,1357
1251,0,17841491,99.9923947118756,1357
1252,0,17841491,99.9923947118756,1357
1253,0,17841491,99.9923947118756,1357
1254,0,17841491,99.9923947118756,1357
1255,0,17841491,99.9923947118756,1357
1256,0,17841491,99.9923947118756,1357
1257,0,17841491,99.9923947118756,1357
1258,0,17841491,99.9923947118756,1357
1259,0,17841491,99.9923947118756,1357
1260,0,17841491,99.9923947118756,1357
1261,0,17841491,99.9923947118756,1357
1262,0,17841491,99.9923947118756,1357
1263,0,17841491,99.9923947118756,1357
1264,0,17841491,99.9923947118756,1357
1265,0,17841491,99.9923947118756,1357
1266,0,17841491,99.9923947118756,1357
1267,0,17841491,99.9923947118756,1357
1268,0,17841491,99.9923947118756,1357
1269,0,17841491,99.9923947118756,1357
1270,0,17841491,99.9923947118756,1357
1271,0,17841491,99.9923947118756,1357
1272,0,17841491,99.9923947118756,1357
1273,0,17841491,99.9923947118756,1357
1274,0,17841491,99.9923947118756,1357
1275,0,17841491,99.9923947118756,1357
1276,0,17841491,99.9923947118756,1357
1277,0,17841491,99.9923947118756,1357
1278,1,17841492,99.9924003163621,1356
1279,0,17841492,99.9924003163621,1356
1280,1,17841493,99.9924059208485,1355
1281,0,17841493,99.9924059208485,1355
1282,0,17841493,99.9924059208485,1355
1283,0,17841493,99.9924059208485,1355
1284,0,17841493,99.9924059208485,1355
1285,0,17841493,99.9924059208485,1355
1286,0,17841493,99.9924059208485,1355
1287,0,17841493,99.9924059208485,1355
1288,0,17841493,99.9924059208485,1355
1289,0,17841493,99.9924059208485,1355
1290,0,17841493,99.9924059208485,1355
1291,0,17841493,99.9924059208485,1355
1292,0,17841493,99.9924059208485,1355
1293,0,17841493,99.9924059208485,1355
1294,0,17841493,99.9924059208485,1355
1295,0,17841493,99.9924059208485,1355
1296,1,17841494,99.992411525335,1354
1297,0,17841494,99.992411525335,1354
1298,0,17841494,99.992411525335,1354
1299,0,17841494,99.992411525335,1354
1300,0,17841494,99.992411525335,1354
1301,0,17841494,99.992411525335,1354
1302,0,17841494,99.992411525335,1354
1303,0,17841494,99.992411525335,1354
1304,0,17841494,99.992411525335,1354
1305,0,17841494,99.992411525335,1354
1306,0,17841494,99.992411525335,1354
1307,0,17841494,99.992411525335,1354
1308,0,17841494,99.992411525335,1354
1309,0,17841494,99.992411525335,1354
1310,0,17841494,99.992411525335,1354
1311,0,17841494,99.992411525335,1354
1312,2,17841496,99.9924227343079,1352
1313,0,17841496,99.9924227343079,1352
1314,0,17841496,99.9924227343079,1352
1315,0,17841496,99.9924227343079,1352
1316,0,17841496,99.9924227343079,1352
1317,0,17841496,99.9924227343079,1352
1318,0,17841496,99.9924227343079,1352
1319,0,17841496,99.9924227343079,1352
1320,0,17841496,99.9924227343079,1352
1321,0,17841496,99.9924227343079,1352
1322,0,17841496,99.9924227343079,1352
1323,0,17841496,99.9924227343079,1352
1324,0,17841496,99.9924227343079,1352
1325,0,17841496,99.9924227343079,1352
1326,0,17841496,99.9924227343079,1352
1327,0,17841496,99.9924227343079,1352
1328,0,17841496,99.9924227343079,1352
1329,0,17841496,99.9924227343079,1352
1330,0,17841496,99.9924227343079,1352
1331,0,17841496,99.9924227343079,1352
1332,0,17841496,99.9924227343079,1352
1333,0,17841496,99.9924227343079,1352
1334,0,17841496,99.9924227343079,1352
1335,0,17841496,99.9924227343079,1352
1336,0,17841496,99.9924227343079,1352
1337,0,17841496,99.9924227343079,1352
1338,0,17841496,99.9924227343079,1352
1339,0,17841496,99.9924227343079,1352
1340,0,17841496,99.9924227343079,1352
1341,0,17841496,99.9924227343079,1352
1342,0,17841496,99.9924227343079,1352
1343,0,17841496,99.9924227343079,1352
1344,4,17841500,99.9924451522537,1348
1345,0,17841500,99.9924451522537,1348
1346,0,17841500,99.9924451522537,1348
1347,0,17841500,99.9924451522537,1348
1348,0,17841500,99.9924451522537,1348
1349,0,17841500,99.9924451522537,1348
1350,0,17841500,99.9924451522537,1348
1351,0,17841500,99.9924451522537,1348
1352,1,17841501,99.9924507567402,1347
1353,0,17841501,99.9924507567402,1347
1354,0,17841501,99.9924507567402,1347
1355,0,17841501,99.9924507567402,1347
1356,0,17841501,99.9924507567402,1347
1357,0,17841501,99.9924507567402,1347
1358,0,17841501,99.9924507567402,1347
1359,0,17841501,99.9924507567402,1347
1360,0,17841501,99.9924507567402,1347
1361,36,17841537,99.9926525182527,1311
1362,0,17841537,99.9926525182527,1311
1363,0,17841537,99.9926525182527,1311
1364,7,17841544,99.9926917496579,1304
1365,0,17841544,99.9926917496579,1304
1366,0,17841544,99.9926917496579,1304
1367,0,17841544,99.9926917496579,1304
1368,0,17841544,99.9926917496579,1304
1369,0,17841544,99.9926917496579,1304
1370,0,17841544,99.9926917496579,1304
1371,0,17841544,99.9926917496579,1304
1372,0,17841544,99.9926917496579,1304
1373,0,17841544,99.9926917496579,1304
1374,0,17841544,99.9926917496579,1304
1375,0,17841544,99.9926917496579,1304
1376,0,17841544,99.9926917496579,1304
1377,0,17841544,99.9926917496579,1304
1378,0,17841544,99.9926917496579,1304
1379,0,17841544,99.9926917496579,1304
1380,0,17841544,99.9926917496579,1304
1381,0,17841544,99.9926917496579,1304
1382,0,17841544,99.9926917496579,1304
1383,0,17841544,99.9926917496579,1304
1384,0,17841544,99.9926917496579,1304
1385,0,17841544,99.9926917496579,1304
1386,0,17841544,99.9926917496579,1304
1387,0,17841544,99.9926917496579,1304
1388,0,17841544,99.9926917496579,1304
1389,0,17841544,99.9926917496579,1304
1390,0,17841544,99.9926917496579,1304
1391,0,17841544,99.9926917496579,1304
1392,0,17841544,99.9926917496579,1304
1393,0,17841544,99.9926917496579,1304
1394,0,17841544,99.9926917496579,1304
1395,0,17841544,99.9926917496579,1304
1396,0,17841544,99.9926917496579,1304
1397,0,17841544,99.9926917496579,1304
1398,14,17841558,99.9927702124683,1290
1399,0,17841558,99.9927702124683,1290
1400,1,17841559,99.9927758169548,1289
1401,0,17841559,99.9927758169548,1289
1402,0,17841559,99.9927758169548,1289
1403,0,17841559,99.9927758169548,1289
1404,15,17841574,99.9928598842517,1274
1405,0,17841574,99.9928598842517,1274
1406,0,17841574,99.9928598842517,1274
1407,0,17841574,99.9928598842517,1274
1408,0,17841574,99.9928598842517,1274
1409,0,17841574,99.9928598842517,1274
1410,0,17841574,99.9928598842517,1274
1411,0,17841574,99.9928598842517,1274
1412,0,17841574,99.9928598842517,1274
1413,0,17841574,99.9928598842517,1274
1414,0,17841574,99.9928598842517,1274
1415,0,17841574,99.9928598842517,1274
1416,0,17841574,99.9928598842517,1274
1417,0,17841574,99.9928598842517,1274
1418,0,17841574,99.9928598842517,1274
1419,0,17841574,99.9928598842517,1274
1420,0,17841574,99.9928598842517,1274
1421,0,17841574,99.9928598842517,1274
1422,0,17841574,99.9928598842517,1274
1423,0,17841574,99.9928598842517,1274
1424,0,17841574,99.9928598842517,1274
1425,0,17841574,99.9928598842517,1274
1426,0,17841574,99.9928598842517,1274
1427,0,17841574,99.9928598842517,1274
1428,0,17841574,99.9928598842517,1274
1429,0,17841574,99.9928598842517,1274
1430,0,17841574,99.9928598842517,1274
1431,0,17841574,99.9928598842517,1274
1432,0,17841574,99.9928598842517,1274
1433,0,17841574,99.9928598842517,1274
1434,0,17841574,99.9928598842517,1274
1435,0,17841574,99.9928598842517,1274
1436,0,17841574,99.9928598842517,1274
1437,0,17841574,99.9928598842517,1274
1438,0,17841574,99.9928598842517,1274
1439,0,17841574,99.9928598842517,1274
1440,28,17841602,99.9930168098725,1246
1441,0,17841602,99.9930168098725,1246
1442,0,17841602,99.9930168098725,1246
1443,0,17841602,99.9930168098725,1246
1444,0,17841602,99.9930168098725,1246
1445,0,17841602,99.9930168098725,1246
1446,0,17841602,99.9930168098725,1246
1447,0,17841602,99.9930168098725,1246
1448,0,17841602,99.9930168098725,1246
1449,0,17841602,99.9930168098725,1246
1450,0,17841602,99.9930168098725,1246
1451,0,17841602,99.9930168098725,1246
1452,0,17841602,99.9930168098725,1246
1453,0,17841602,99.9930168098725,1246
1454,0,17841602,99.9930168098725,1246
1455,0,17841602,99.9930168098725,1246
1456,0,17841602,99.9930168098725,1246
1457,0,17841602,99.9930168098725,1246
1458,1,17841603,99.993022414359,1245
1459,0,17841603,99.993022414359,1245
1460,0,17841603,99.993022414359,1245
1461,0,17841603,99.993022414359,1245
1462,1,17841604,99.9930280188454,1244
1463,0,17841604,99.9930280188454,1244
1464,0,17841604,99.9930280188454,1244
1465,0,17841604,99.9930280188454,1244
1466,1,17841605,99.9930336233319,1243
1467,0,17841605,99.9930336233319,1243
1468,0,17841605,99.9930336233319,1243
1469,0,17841605,99.9930336233319,1243
1470,0,17841605,99.9930336233319,1243
1471,0,17841605,99.9930336233319,1243
1472,0,17841605,99.9930336233319,1243
1473,2,17841607,99.9930448323048,1241
1474,0,17841607,99.9930448323048,1241
1475,0,17841607,99.9930448323048,1241
1476,0,17841607,99.9930448323048,1241
1477,0,17841607,99.9930448323048,1241
1478,0,17841607,99.9930448323048,1241
1479,0,17841607,99.9930448323048,1241
1480,0,17841607,99.9930448323048,1241
1481,0,17841607,99.9930448323048,1241
1482,0,17841607,99.9930448323048,1241
1483,0,17841607,99.9930448323048,1241
1484,1,17841608,99.9930504367913,1240
1485,1,17841609,99.9930560412777,1239
1486,0,17841609,99.9930560412777,1239
1487,0,17841609,99.9930560412777,1239
1488,0,17841609,99.9930560412777,1239
1489,0,17841609,99.9930560412777,1239
1490,0,17841609,99.9930560412777,1239
1491,0,17841609,99.9930560412777,1239
1492,0,17841609,99.9930560412777,1239
1493,0,17841609,99.9930560412777,1239
1494,0,17841609,99.9930560412777,1239
1495,0,17841609,99.9930560412777,1239
1496,0,17841609,99.9930560412777,1239
1497,0,17841609,99.9930560412777,1239
1498,0,17841609,99.9930560412777,1239
1499,0,17841609,99.9930560412777,1239
1500,1,17841610,99.9930616457642,1238
1501,0,17841610,99.9930616457642,1238
1502,0,17841610,99.9930616457642,1238
1503,0,17841610,99.9930616457642,1238
1504,0,17841610,99.9930616457642,1238
1505,0,17841610,99.9930616457642,1238
1506,0,17841610,99.9930616457642,1238
1507,0,17841610,99.9930616457642,1238
1508,0,17841610,99.9930616457642,1238
1509,0,17841610,99.9930616457642,1238
1510,1,17841611,99.9930672502506,1237
1511,0,17841611,99.9930672502506,1237
1512,2,17841613,99.9930784592236,1235
1513,0,17841613,99.9930784592236,1235
1514,1,17841614,99.99308406371,1234
1515,0,17841614,99.99308406371,1234
1516,0,17841614,99.99308406371,1234
1517,0,17841614,99.99308406371,1234
1518,0,17841614,99.99308406371,1234
1519,2,17841616,99.9930952726829,1232
1520,0,17841616,99.9930952726829,1232
1521,0,17841616,99.9930952726829,1232
1522,0,17841616,99.9930952726829,1232
1523,0,17841616,99.9930952726829,1232
1524,0,17841616,99.9930952726829,1232
1525,0,17841616,99.9930952726829,1232
1526,0,17841616,99.9930952726829,1232
1527,0,17841616,99.9930952726829,1232
1528,0,17841616,99.9930952726829,1232
1529,0,17841616,99.9930952726829,1232
1530,0,17841616,99.9930952726829,1232
1531,0,17841616,99.9930952726829,1232
1532,0,17841616,99.9930952726829,1232
1533,0,17841616,99.9930952726829,1232
1534,0,17841616,99.9930952726829,1232
1535,0,17841616,99.9930952726829,1232
1536,15,17841631,99.9931793399798,1217
1537,0,17841631,99.9931793399798,1217
1538,0,17841631,99.9931793399798,1217
1539,3,17841634,99.9931961534392,1214
1540,0,17841634,99.9931961534392,1214
1541,0,17841634,99.9931961534392,1214
1542,0,17841634,99.9931961534392,1214
1543,0,17841634,99.9931961534392,1214
1544,0,17841634,99.9931961534392,1214
1545,0,17841634,99.9931961534392,1214
1546,0,17841634,99.9931961534392,1214
1547,0,17841634,99.9931961534392,1214
1548,0,17841634,99.9931961534392,1214
1549,0,17841634,99.9931961534392,1214
1550,0,17841634,99.9931961534392,1214
1551,0,17841634,99.9931961534392,1214
1552,0,17841634,99.9931961534392,1214
1553,0,17841634,99.9931961534392,1214
1554,0,17841634,99.9931961534392,1214
1555,0,17841634,99.9931961534392,1214
1556,0,17841634,99.9931961534392,1214
1557,0,17841634,99.9931961534392,1214
1558,0,17841634,99.9931961534392,1214
1559,0,17841634,99.9931961534392,1214
1560,0,17841634,99.9931961534392,1214
1561,0,17841634,99.9931961534392,1214
1562,0,17841634,99.9931961534392,1214
1563,0,17841634,99.9931961534392,1214
1564,0,17841634,99.9931961534392,1214
1565,0,17841634,99.9931961534392,1214
1566,0,17841634,99.9931961534392,1214
1567,0,17841634,99.9931961534392,1214
1568,0,17841634,99.9931961534392,1214
1569,0,17841634,99.9931961534392,1214
1570,0,17841634,99.9931961534392,1214
1571,0,17841634,99.9931961534392,1214
1572,1,17841635,99.9932017579256,1213
1573,0,17841635,99.9932017579256,1213
1574,0,17841635,99.9932017579256,1213
1575,0,17841635,99.9932017579256,1213
1576,0,17841635,99.9932017579256,1213
1577,0,17841635,99.9932017579256,1213
1578,0,17841635,99.9932017579256,1213
1579,0,17841635,99.9932017579256,1213
1580,0,17841635,99.9932017579256,1213
1581,0,17841635,99.9932017579256,1213
1582,0,17841635,99.9932017579256,1213
1583,0,17841635,99.9932017579256,1213
1584,0,17841635,99.9932017579256,1213
1585,0,17841635,99.9932017579256,1213
1586,0,17841635,99.9932017579256,1213
1587,0,17841635,99.9932017579256,1213
1588,0,17841635,99.9932017579256,1213
1589,0,17841635,99.9932017579256,1213
1590,0,17841635,99.9932017579256,1213
1591,0,17841635,99.9932017579256,1213
1592,0,17841635,99.9932017579256,1213
1593,23,17841658,99.9933306611142,1190
1594,0,17841658,99.9933306611142,1190
1595,0,17841658,99.9933306611142,1190
1596,0,17841658,99.9933306611142,1190
1597,0,17841658,99.9933306611142,1190
1598,0,17841658,99.9933306611142,1190
1599,0,17841658,99.9933306611142,1190
1600,0,17841658,99.9933306611142,1190
1601,0,17841658,99.9933306611142,1190
1602,0,17841658,99.9933306611142,1190
1603,0,17841658,99.9933306611142,1190
1604,0,17841658,99.9933306611142,1190
1605,0,17841658,99.9933306611142,1190
1606,0,17841658,99.9933306611142,1190
1607,0,17841658,99.9933306611142,1190
1608,0,17841658,99.9933306611142,1190
1609,0,17841658,99.9933306611142,1190
1610,0,17841658,99.9933306611142,1190
1611,0,17841658,99.9933306611142,1190
1612,0,17841658,99.9933306611142,1190
1613,0,17841658,99.9933306611142,1190
1614,0,17841658,99.9933306611142,1190
1615,0,17841658,99.9933306611142,1190
1616,0,17841658,99.9933306611142,1190
1617,0,17841658,99.9933306611142,1190
1618,0,17841658,99.9933306611142,1190
1619,0,17841658,99.9933306611142,1190
1620,0,17841658,99.9933306611142,1190
1621,0,17841658,99.9933306611142,1190
1622,0,17841658,99.9933306611142,1190
1623,0,17841658,99.9933306611142,1190
1624,0,17841658,99.9933306611142,1190
1625,0,17841658,99.9933306611142,1190
1626,0,17841658,99.9933306611142,1190
1627,0,17841658,99.9933306611142,1190
1628,0,17841658,99.9933306611142,1190
1629,7,17841665,99.9933698925194,1183
1630,0,17841665,99.9933698925194,1183
1631,0,17841665,99.9933698925194,1183
1632,0,17841665,99.9933698925194,1183
1633,0,17841665,99.9933698925194,1183
1634,0,17841665,99.9933698925194,1183
1635,0,17841665,99.9933698925194,1183
1636,1,17841666,99.9933754970059,1182
1637,0,17841666,99.9933754970059,1182
1638,0,17841666,99.9933754970059,1182
1639,0,17841666,99.9933754970059,1182
1640,0,17841666,99.9933754970059,1182
1641,0,17841666,99.9933754970059,1182
1642,0,17841666,99.9933754970059,1182
1643,0,17841666,99.9933754970059,1182
1644,0,17841666,99.9933754970059,1182
1645,0,17841666,99.9933754970059,1182
1646,0,17841666,99.9933754970059,1182
1647,0,17841666,99.9933754970059,1182
1648,0,17841666,99.9933754970059,1182
1649,0,17841666,99.9933754970059,1182
1650,0,17841666,99.9933754970059,1182
1651,0,17841666,99.9933754970059,1182
1652,0,17841666,99.9933754970059,1182
1653,0,17841666,99.9933754970059,1182
1654,0,17841666,99.9933754970059,1182
1655,0,17841666,99.9933754970059,1182
1656,0,17841666,99.9933754970059,1182
1657,0,17841666,99.9933754970059,1182
1658,0,17841666,99.9933754970059,1182
1659,0,17841666,99.9933754970059,1182
1660,0,17841666,99.9933754970059,1182
1661,0,17841666,99.9933754970059,1182
1662,0,17841666,99.9933754970059,1182
1663,0,17841666,99.9933754970059,1182
1664,0,17841666,99.9933754970059,1182
1665,0,17841666,99.9933754970059,1182
1666,0,17841666,99.9933754970059,1182
1667,0,17841666,99.9933754970059,1182
1668,0,17841666,99.9933754970059,1182
1669,0,17841666,99.9933754970059,1182
1670,0,17841666,99.9933754970059,1182
1671,1,17841667,99.9933811014923,1181
1672,0,17841667,99.9933811014923,1181
1673,0,17841667,99.9933811014923,1181
1674,0,17841667,99.9933811014923,1181
1675,1,17841668,99.9933867059788,1180
1676,0,17841668,99.9933867059788,1180
1677,0,17841668,99.9933867059788,1180
1678,0,17841668,99.9933867059788,1180
1679,0,17841668,99.9933867059788,1180
1680,0,17841668,99.9933867059788,1180
1681,0,17841668,99.9933867059788,1180
1682,0,17841668,99.9933867059788,1180
1683,0,17841668,99.9933867059788,1180
1684,0,17841668,99.9933867059788,1180
1685,0,17841668,99.9933867059788,1180
1686,0,17841668,99.9933867059788,1180
1687,0,17841668,99.9933867059788,1180
1688,0,17841668,99.9933867059788,1180
1689,0,17841668,99.9933867059788,1180
1690,0,17841668,99.9933867059788,1180
1691,0,17841668,99.9933867059788,1180
1692,0,17841668,99.9933867059788,1180
1693,0,17841668,99.9933867059788,1180
1694,0,17841668,99.9933867059788,1180
1695,0,17841668,99.9933867059788,1180
1696,0,17841668,99.9933867059788,1180
1697,0,17841668,99.9933867059788,1180
1698,0,17841668,99.9933867059788,1180
1699,0,17841668,99.9933867059788,1180
1700,0,17841668,99.9933867059788,1180
1701,0,17841668,99.9933867059788,1180
1702,0,17841668,99.9933867059788,1180
1703,0,17841668,99.9933867059788,1180
1704,0,17841668,99.9933867059788,1180
1705,1,17841669,99.9933923104652,1179
1706,0,17841669,99.9933923104652,1179
1707,0,17841669,99.9933923104652,1179
1708,0,17841669,99.9933923104652,1179
1709,0,17841669,99.9933923104652,1179
1710,0,17841669,99.9933923104652,1179
1711,0,17841669,99.9933923104652,1179
1712,0,17841669,99.9933923104652,1179
1713,0,17841669,99.9933923104652,1179
1714,0,17841669,99.9933923104652,1179
1715,0,17841669,99.9933923104652,1179
1716,0,17841669,99.9933923104652,1179
1717,0,17841669,99.9933923104652,1179
1718,0,17841669,99.9933923104652,1179
1719,0,17841669,99.9933923104652,1179
1720,0,17841669,99.9933923104652,1179
1721,0,17841669,99.9933923104652,1179
1722,0,17841669,99.9933923104652,1179
1723,0,17841669,99.9933923104652,1179
1724,0,17841669,99.9933923104652,1179
1725,0,17841669,99.9933923104652,1179
1726,0,17841669,99.9933923104652,1179
1727,0,17841669,99.9933923104652,1179
1728,2,17841671,99.9934035194381,1177
1729,0,17841671,99.9934035194381,1177
1730,0,17841671,99.9934035194381,1177
1731,0,17841671,99.9934035194381,1177
1732,0,17841671,99.9934035194381,1177
1733,0,17841671,99.9934035194381,1177
1734,0,17841671,99.9934035194381,1177
1735,0,17841671,99.9934035194381,1177
1736,0,17841671,99.9934035194381,1177
1737,0,17841671,99.9934035194381,1177
1738,0,17841671,99.9934035194381,1177
1739,0,17841671,99.9934035194381,1177
1740,0,17841671,99.9934035194381,1177
1741,0,17841671,99.9934035194381,1177
1742,0,17841671,99.9934035194381,1177
1743,0,17841671,99.9934035194381,1177
1744,0,17841671,99.9934035194381,1177
1745,0,17841671,99.9934035194381,1177
1746,0,17841671,99.9934035194381,1177
1747,0,17841671,99.9934035194381,1177
1748,0,17841671,99.9934035194381,1177
1749,0,17841671,99.9934035194381,1177
1750,0,17841671,99.9934035194381,1177
1751,0,17841671,99.9934035194381,1177
1752,0,17841671,99.9934035194381,1177
1753,0,17841671,99.9934035194381,1177
1754,0,17841671,99.9934035194381,1177
1755,0,17841671,99.9934035194381,1177
1756,0,17841671,99.9934035194381,1177
1757,0,17841671,99.9934035194381,1177
1758,0,17841671,99.9934035194381,1177
1759,0,17841671,99.9934035194381,1177
1760,0,17841671,99.9934035194381,1177
1761,0,17841671,99.9934035194381,1177
1762,0,17841671,99.9934035194381,1177
1763,0,17841671,99.9934035194381,1177
1764,1,17841672,99.9934091239246,1176
1765,0,17841672,99.9934091239246,1176
1766,0,17841672,99.9934091239246,1176
1767,0,17841672,99.9934091239246,1176
1768,0,17841672,99.9934091239246,1176
1769,0,17841672,99.9934091239246,1176
1770,0,17841672,99.9934091239246,1176
1771,0,17841672,99.9934091239246,1176
1772,0,17841672,99.9934091239246,1176
1773,0,17841672,99.9934091239246,1176
1774,0,17841672,99.9934091239246,1176
1775,0,17841672,99.9934091239246,1176
1776,0,17841672,99.9934091239246,1176
1777,0,17841672,99.9934091239246,1176
1778,0,17841672,99.9934091239246,1176
1779,0,17841672,99.9934091239246,1176
1780,0,17841672,99.9934091239246,1176
1781,0,17841672,99.9934091239246,1176
1782,0,17841672,99.9934091239246,1176
1783,0,17841672,99.9934091239246,1176
1784,0,17841672,99.9934091239246,1176
1785,3,17841675,99.993425937384,1173
1786,0,17841675,99.993425937384,1173
1787,0,17841675,99.993425937384,1173
1788,0,17841675,99.993425937384,1173
1789,0,17841675,99.993425937384,1173
1790,0,17841675,99.993425937384,1173
1791,0,17841675,99.993425937384,1173
1792,0,17841675,99.993425937384,1173
1793,0,17841675,99.993425937384,1173
1794,0,17841675,99.993425937384,1173
1795,0,17841675,99.993425937384,1173
1796,0,17841675,99.993425937384,1173
1797,0,17841675,99.993425937384,1173
1798,0,17841675,99.993425937384,1173
1799,0,17841675,99.993425937384,1173
1800,2,17841677,99.9934371463569,1171
1801,0,17841677,99.9934371463569,1171
1802,0,17841677,99.9934371463569,1171
1803,0,17841677,99.9934371463569,1171
1804,0,17841677,99.9934371463569,1171
1805,0,17841677,99.9934371463569,1171
1806,0,17841677,99.9934371463569,1171
1807,0,17841677,99.9934371463569,1171
1808,0,17841677,99.9934371463569,1171
1809,0,17841677,99.9934371463569,1171
1810,0,17841677,99.9934371463569,1171
1811,0,17841677,99.9934371463569,1171
1812,0,17841677,99.9934371463569,1171
1813,0,17841677,99.9934371463569,1171
1814,0,17841677,99.9934371463569,1171
1815,0,17841677,99.9934371463569,1171
1816,0,17841677,99.9934371463569,1171
1817,0,17841677,99.9934371463569,1171
1818,0,17841677,99.9934371463569,1171
1819,0,17841677,99.9934371463569,1171
1820,1,17841678,99.9934427508434,1170
1821,0,17841678,99.9934427508434,1170
1822,0,17841678,99.9934427508434,1170
1823,0,17841678,99.9934427508434,1170
1824,0,17841678,99.9934427508434,1170
1825,0,17841678,99.9934427508434,1170
1826,0,17841678,99.9934427508434,1170
1827,0,17841678,99.9934427508434,1170
1828,0,17841678,99.9934427508434,1170
1829,0,17841678,99.9934427508434,1170
1830,0,17841678,99.9934427508434,1170
1831,0,17841678,99.9934427508434,1170
1832,0,17841678,99.9934427508434,1170
1833,0,17841678,99.9934427508434,1170
1834,0,17841678,99.9934427508434,1170
1835,0,17841678,99.9934427508434,1170
1836,1,17841679,99.9934483553298,1169
1837,0,17841679,99.9934483553298,1169
1838,0,17841679,99.9934483553298,1169
1839,0,17841679,99.9934483553298,1169
1840,0,17841679,99.9934483553298,1169
1841,0,17841679,99.9934483553298,1169
1842,0,17841679,99.9934483553298,1169
1843,0,17841679,99.9934483553298,1169
1844,0,17841679,99.9934483553298,1169
1845,0,17841679,99.9934483553298,1169
1846,0,17841679,99.9934483553298,1169
1847,0,17841679,99.9934483553298,1169
1848,2,17841681,99.9934595643027,1167
1849,0,17841681,99.9934595643027,1167
1850,0,17841681,99.9934595643027,1167
1851,0,17841681,99.9934595643027,1167
1852,0,17841681,99.9934595643027,1167
1853,0,17841681,99.9934595643027,1167
1854,0,17841681,99.9934595643027,1167
1855,0,17841681,99.9934595643027,1167
1856,1,17841682,99.9934651687892,1166
1857,0,17841682,99.9934651687892,1166
1858,0,17841682,99.9934651687892,1166
1859,0,17841682,99.9934651687892,1166
1860,0,17841682,99.9934651687892,1166
1861,0,17841682,99.9934651687892,1166
1862,0,17841682,99.9934651687892,1166
1863,0,17841682,99.9934651687892,1166
1864,0,17841682,99.9934651687892,1166
1865,0,17841682,99.9934651687892,1166
1866,0,17841682,99.9934651687892,1166
1867,0,17841682,99.9934651687892,1166
1868,2,17841684,99.9934763777621,1164
1869,0,17841684,99.9934763777621,1164
1870,0,17841684,99.9934763777621,1164
1871,0,17841684,99.9934763777621,1164
1872,0,17841684,99.9934763777621,1164
1873,0,17841684,99.9934763777621,1164
1874,0,17841684,99.9934763777621,1164
1875,0,17841684,99.9934763777621,1164
1876,0,17841684,99.9934763777621,1164
1877,0,17841684,99.9934763777621,1164
1878,0,17841684,99.9934763777621,1164
1879,0,17841684,99.9934763777621,1164
1880,0,17841684,99.9934763777621,1164
1881,0,17841684,99.9934763777621,1164
1882,0,17841684,99.9934763777621,1164
1883,0,17841684,99.9934763777621,1164
1884,0,17841684,99.9934763777621,1164
1885,0,17841684,99.9934763777621,1164
1886,0,17841684,99.9934763777621,1164
1887,0,17841684,99.9934763777621,1164
1888,0,17841684,99.9934763777621,1164
1889,0,17841684,99.9934763777621,1164
1890,0,17841684,99.9934763777621,1164
1891,0,17841684,99.9934763777621,1164
1892,0,17841684,99.9934763777621,1164
1893,0,17841684,99.9934763777621,1164
1894,0,17841684,99.9934763777621,1164
1895,0,17841684,99.9934763777621,1164
1896,3,17841687,99.9934931912215,1161
1897,0,17841687,99.9934931912215,1161
1898,0,17841687,99.9934931912215,1161
1899,0,17841687,99.9934931912215,1161
1900,0,17841687,99.9934931912215,1161
1901,0,17841687,99.9934931912215,1161
1902,0,17841687,99.9934931912215,1161
1903,0,17841687,99.9934931912215,1161
1904,0,17841687,99.9934931912215,1161
1905,0,17841687,99.9934931912215,1161
1906,0,17841687,99.9934931912215,1161
1907,0,17841687,99.9934931912215,1161
1908,0,17841687,99.9934931912215,1161
1909,0,17841687,99.9934931912215,1161
1910,0,17841687,99.9934931912215,1161
1911,0,17841687,99.9934931912215,1161
1912,1,17841688,99.9934987957079,1160
1913,0,17841688,99.9934987957079,1160
1914,0,17841688,99.9934987957079,1160
1915,0,17841688,99.9934987957079,1160
1916,0,17841688,99.9934987957079,1160
1917,0,17841688,99.9934987957079,1160
1918,0,17841688,99.9934987957079,1160
1919,0,17841688,99.9934987957079,1160
1920,2,17841690,99.9935100046809,1158
1921,0,17841690,99.9935100046809,1158
1922,0,17841690,99.9935100046809,1158
1923,0,17841690,99.9935100046809,1158
1924,0,17841690,99.9935100046809,1158
1925,0,17841690,99.9935100046809,1158
1926,0,17841690,99.9935100046809,1158
1927,0,17841690,99.9935100046809,1158
1928,0,17841690,99.9935100046809,1158
1929,0,17841690,99.9935100046809,1158
1930,0,17841690,99.9935100046809,1158
1931,0,17841690,99.9935100046809,1158
1932,0,17841690,99.9935100046809,1158
1933,0,17841690,99.9935100046809,1158
1934,0,17841690,99.9935100046809,1158
1935,0,17841690,99.9935100046809,1158
1936,1,17841691,99.9935156091673,1157
1937,0,17841691,99.9935156091673,1157
1938,0,17841691,99.9935156091673,1157
1939,0,17841691,99.9935156091673,1157
1940,0,17841691,99.9935156091673,1157
1941,0,17841691,99.9935156091673,1157
1942,0,17841691,99.9935156091673,1157
1943,0,17841691,99.9935156091673,1157
1944,0,17841691,99.9935156091673,1157
1945,0,17841691,99.9935156091673,1157
1946,0,17841691,99.9935156091673,1157
1947,0,17841691,99.9935156091673,1157
1948,0,17841691,99.9935156091673,1157
1949,0,17841691,99.9935156091673,1157
1950,0,17841691,99.9935156091673,1157
1951,0,17841691,99.9935156091673,1157
1952,0,17841691,99.9935156091673,1157
1953,0,17841691,99.9935156091673,1157
1954,0,17841691,99.9935156091673,1157
1955,0,17841691,99.9935156091673,1157
1956,0,17841691,99.9935156091673,1157
1957,0,17841691,99.9935156091673,1157
1958,0,17841691,99.9935156091673,1157
1959,0,17841691,99.9935156091673,1157
1960,0,17841691,99.9935156091673,1157
1961,0,17841691,99.9935156091673,1157
1962,0,17841691,99.9935156091673,1157
1963,0,17841691,99.9935156091673,1157
1964,0,17841691,99.9935156091673,1157
1965,0,17841691,99.9935156091673,1157
1966,0,17841691,99.9935156091673,1157
1967,0,17841691,99.9935156091673,1157
1968,0,17841691,99.9935156091673,1157
1969,0,17841691,99.9935156091673,1157
1970,0,17841691,99.9935156091673,1157
1971,0,17841691,99.9935156091673,1157
1972,0,17841691,99.9935156091673,1157
1973,0,17841691,99.9935156091673,1157
1974,0,17841691,99.9935156091673,1157
1975,0,17841691,99.9935156091673,1157
1976,0,17841691,99.9935156091673,1157
1977,0,17841691,99.9935156091673,1157
1978,0,17841691,99.9935156091673,1157
1979,0,17841691,99.9935156091673,1157
1980,0,17841691,99.9935156091673,1157
1981,0,17841691,99.9935156091673,1157
1982,0,17841691,99.9935156091673,1157
1983,0,17841691,99.9935156091673,1157
1984,0,17841691,99.9935156091673,1157
1985,0,17841691,99.9935156091673,1157
1986,0,17841691,99.9935156091673,1157
1987,0,17841691,99.9935156091673,1157
1988,0,17841691,99.9935156091673,1157
1989,0,17841691,99.9935156091673,1157
1990,0,17841691,99.9935156091673,1157
1991,0,17841691,99.9935156091673,1157
1992,0,17841691,99.9935156091673,1157
1993,0,17841691,99.9935156091673,1157
1994,0,17841691,99.9935156091673,1157
1995,0,17841691,99.9935156091673,1157
1996,0,17841691,99.9935156091673,1157
1997,0,17841691,99.9935156091673,1157
1998,0,17841691,99.9935156091673,1157
1999,0,17841691,99.9935156091673,1157
2000,0,17841691,99.9935156091673,1157
2001,0,17841691,99.9935156091673,1157
2002,0,17841691,99.9935156091673,1157
2003,0,17841691,99.9935156091673,1157
2004,0,17841691,99.9935156091673,1157
2005,0,17841691,99.9935156091673,1157
2006,0,17841691,99.9935156091673,1157
2007,0,17841691,99.9935156091673,1157
2008,0,17841691,99.9935156091673,1157
2009,0,17841691,99.9935156091673,1157
2010,0,17841691,99.9935156091673,1157
2011,0,17841691,99.9935156091673,1157
2012,0,17841691,99.9935156091673,1157
2013,0,17841691,99.9935156091673,1157
2014,0,17841691,99.9935156091673,1157
2015,0,17841691,99.9935156091673,1157
2016,3,17841694,99.9935324226267,1154
2017,0,17841694,99.9935324226267,1154
2018,0,17841694,99.9935324226267,1154
2019,0,17841694,99.9935324226267,1154
2020,0,17841694,99.9935324226267,1154
2021,0,17841694,99.9935324226267,1154
2022,0,17841694,99.9935324226267,1154
2023,0,17841694,99.9935324226267,1154
2024,0,17841694,99.9935324226267,1154
2025,0,17841694,99.9935324226267,1154
2026,0,17841694,99.9935324226267,1154
2027,0,17841694,99.9935324226267,1154
2028,0,17841694,99.9935324226267,1154
2029,0,17841694,99.9935324226267,1154
2030,0,17841694,99.9935324226267,1154
2031,0,17841694,99.9935324226267,1154
2032,0,17841694,99.9935324226267,1154
2033,0,17841694,99.9935324226267,1154
2034,0,17841694,99.9935324226267,1154
2035,0,17841694,99.9935324226267,1154
2036,0,17841694,99.9935324226267,1154
2037,0,17841694,99.9935324226267,1154
2038,0,17841694,99.9935324226267,1154
2039,0,17841694,99.9935324226267,1154
2040,0,17841694,99.9935324226267,1154
2041,0,17841694,99.9935324226267,1154
2042,0,17841694,99.9935324226267,1154
2043,0,17841694,99.9935324226267,1154
2044,0,17841694,99.9935324226267,1154
2045,0,17841694,99.9935324226267,1154
2046,0,17841694,99.9935324226267,1154
2047,0,17841694,99.9935324226267,1154
2048,0,17841694,99.9935324226267,1154
2049,0,17841694,99.9935324226267,1154
2050,0,17841694,99.9935324226267,1154
2051,0,17841694,99.9935324226267,1154
2052,1,17841695,99.9935380271132,1153
2053,0,17841695,99.9935380271132,1153
2054,0,17841695,99.9935380271132,1153
2055,0,17841695,99.9935380271132,1153
2056,0,17841695,99.9935380271132,1153
2057,0,17841695,99.9935380271132,1153
2058,0,17841695,99.9935380271132,1153
2059,0,17841695,99.9935380271132,1153
2060,0,17841695,99.9935380271132,1153
2061,1,17841696,99.9935436315996,1152
2062,0,17841696,99.9935436315996,1152
2063,0,17841696,99.9935436315996,1152
2064,0,17841696,99.9935436315996,1152
2065,0,17841696,99.9935436315996,1152
2066,0,17841696,99.9935436315996,1152
2067,0,17841696,99.9935436315996,1152
2068,0,17841696,99.9935436315996,1152
2069,0,17841696,99.9935436315996,1152
2070,0,17841696,99.9935436315996,1152
2071,1,17841697,99.9935492360861,1151
2072,0,17841697,99.9935492360861,1151
2073,0,17841697,99.9935492360861,1151
2074,0,17841697,99.9935492360861,1151
2075,0,17841697,99.9935492360861,1151
2076,0,17841697,99.9935492360861,1151
2077,0,17841697,99.9935492360861,1151
2078,1,17841698,99.9935548405725,1150
2079,0,17841698,99.9935548405725,1150
2080,0,17841698,99.9935548405725,1150
2081,0,17841698,99.9935548405725,1150
2082,0,17841698,99.9935548405725,1150
2083,0,17841698,99.9935548405725,1150
2084,0,17841698,99.9935548405725,1150
2085,1,17841699,99.993560445059,1149
2086,0,17841699,99.993560445059,1149
2087,0,17841699,99.993560445059,1149
2088,0,17841699,99.993560445059,1149
2089,0,17841699,99.993560445059,1149
2090,0,17841699,99.993560445059,1149
2091,0,17841699,99.993560445059,1149
2092,0,17841699,99.993560445059,1149
2093,1,17841700,99.9935660495454,1148
2094,0,17841700,99.9935660495454,1148
2095,0,17841700,99.9935660495454,1148
2096,0,17841700,99.9935660495454,1148
2097,0,17841700,99.9935660495454,1148
2098,0,17841700,99.9935660495454,1148
2099,0,17841700,99.9935660495454,1148
2100,0,17841700,99.9935660495454,1148
2101,0,17841700,99.9935660495454,1148
2102,0,17841700,99.9935660495454,1148
2103,0,17841700,99.9935660495454,1148
2104,0,17841700,99.9935660495454,1148
2105,0,17841700,99.9935660495454,1148
2106,0,17841700,99.9935660495454,1148
2107,0,17841700,99.9935660495454,1148
2108,0,17841700,99.9935660495454,1148
2109,0,17841700,99.9935660495454,1148
2110,0,17841700,99.9935660495454,1148
2111,0,17841700,99.9935660495454,1148
2112,1,17841701,99.9935716540319,1147
2113,0,17841701,99.9935716540319,1147
2114,0,17841701,99.9935716540319,1147
2115,1,17841702,99.9935772585184,1146
2116,0,17841702,99.9935772585184,1146
2117,0,17841702,99.9935772585184,1146
2118,0,17841702,99.9935772585184,1146
2119,0,17841702,99.9935772585184,1146
2120,0,17841702,99.9935772585184,1146
2121,0,17841702,99.9935772585184,1146
2122,0,17841702,99.9935772585184,1146
2123,0,17841702,99.9935772585184,1146
2124,0,17841702,99.9935772585184,1146
2125,0,17841702,99.9935772585184,1146
2126,0,17841702,99.9935772585184,1146
2127,0,17841702,99.9935772585184,1146
2128,0,17841702,99.9935772585184,1146
2129,0,17841702,99.9935772585184,1146
2130,0,17841702,99.9935772585184,1146
2131,0,17841702,99.9935772585184,1146
2132,0,17841702,99.9935772585184,1146
2133,0,17841702,99.9935772585184,1146
2134,0,17841702,99.9935772585184,1146
2135,0,17841702,99.9935772585184,1146
2136,0,17841702,99.9935772585184,1146
2137,0,17841702,99.9935772585184,1146
2138,0,17841702,99.9935772585184,1146
2139,0,17841702,99.9935772585184,1146
2140,0,17841702,99.9935772585184,1146
2141,0,17841702,99.9935772585184,1146
2142,0,17841702,99.9935772585184,1146
2143,0,17841702,99.9935772585184,1146
2144,0,17841702,99.9935772585184,1146
2145,0,17841702,99.9935772585184,1146
2146,0,17841702,99.9935772585184,1146
2147,0,17841702,99.9935772585184,1146
2148,0,17841702,99.9935772585184,1146
2149,0,17841702,99.9935772585184,1146
2150,0,17841702,99.9935772585184,1146
2151,0,17841702,99.9935772585184,1146
2152,0,17841702,99.9935772585184,1146
2153,0,17841702,99.9935772585184,1146
2154,0,17841702,99.9935772585184,1146
2155,0,17841702,99.9935772585184,1146
2156,5,17841707,99.9936052809507,1141
2157,0,17841707,99.9936052809507,1141
2158,0,17841707,99.9936052809507,1141
2159,0,17841707,99.9936052809507,1141
2160,0,17841707,99.9936052809507,1141
2161,0,17841707,99.9936052809507,1141
2162,0,17841707,99.9936052809507,1141
2163,0,17841707,99.9936052809507,1141
2164,0,17841707,99.9936052809507,1141
2165,0,17841707,99.9936052809507,1141
2166,0,17841707,99.9936052809507,1141
2167,0,17841707,99.9936052809507,1141
2168,0,17841707,99.9936052809507,1141
2169,0,17841707,99.9936052809507,1141
2170,0,17841707,99.9936052809507,1141
2171,0,17841707,99.9936052809507,1141
2172,0,17841707,99.9936052809507,1141
2173,0,17841707,99.9936052809507,1141
2174,0,17841707,99.9936052809507,1141
2175,0,17841707,99.9936052809507,1141
2176,0,17841707,99.9936052809507,1141
2177,0,17841707,99.9936052809507,1141
2178,0,17841707,99.9936052809507,1141
2179,0,17841707,99.9936052809507,1141
2180,0,17841707,99.9936052809507,1141
2181,0,17841707,99.9936052809507,1141
2182,0,17841707,99.9936052809507,1141
2183,0,17841707,99.9936052809507,1141
2184,0,17841707,99.9936052809507,1141
2185,0,17841707,99.9936052809507,1141
2186,0,17841707,99.9936052809507,1141
2187,0,17841707,99.9936052809507,1141
2188,0,17841707,99.9936052809507,1141
2189,0,17841707,99.9936052809507,1141
2190,0,17841707,99.9936052809507,1141
2191,0,17841707,99.9936052809507,1141
2192,0,17841707,99.9936052809507,1141
2193,0,17841707,99.9936052809507,1141
2194,0,17841707,99.9936052809507,1141
2195,0,17841707,99.9936052809507,1141
2196,3,17841710,99.99362209441,1138
2197,0,17841710,99.99362209441,1138
2198,0,17841710,99.99362209441,1138
2199,0,17841710,99.99362209441,1138
2200,0,17841710,99.99362209441,1138
2201,0,17841710,99.99362209441,1138
2202,0,17841710,99.99362209441,1138
2203,0,17841710,99.99362209441,1138
2204,0,17841710,99.99362209441,1138
2205,0,17841710,99.99362209441,1138
2206,0,17841710,99.99362209441,1138
2207,0,17841710,99.99362209441,1138
2208,0,17841710,99.99362209441,1138
2209,0,17841710,99.99362209441,1138
2210,0,17841710,99.99362209441,1138
2211,0,17841710,99.99362209441,1138
2212,0,17841710,99.99362209441,1138
2213,0,17841710,99.99362209441,1138
2214,0,17841710,99.99362209441,1138
2215,0,17841710,99.99362209441,1138
2216,0,17841710,99.99362209441,1138
2217,0,17841710,99.99362209441,1138
2218,0,17841710,99.99362209441,1138
2219,0,17841710,99.99362209441,1138
2220,0,17841710,99.99362209441,1138
2221,0,17841710,99.99362209441,1138
2222,0,17841710,99.99362209441,1138
2223,0,17841710,99.99362209441,1138
2224,1,17841711,99.9936276988965,1137
2225,0,17841711,99.9936276988965,1137
2226,0,17841711,99.9936276988965,1137
2227,0,17841711,99.9936276988965,1137
2228,0,17841711,99.9936276988965,1137
2229,0,17841711,99.9936276988965,1137
2230,0,17841711,99.9936276988965,1137
2231,0,17841711,99.9936276988965,1137
2232,0,17841711,99.9936276988965,1137
2233,0,17841711,99.9936276988965,1137
2234,0,17841711,99.9936276988965,1137
2235,0,17841711,99.9936276988965,1137
2236,0,17841711,99.9936276988965,1137
2237,0,17841711,99.9936276988965,1137
2238,0,17841711,99.9936276988965,1137
2239,0,17841711,99.9936276988965,1137
2240,0,17841711,99.9936276988965,1137
2241,0,17841711,99.9936276988965,1137
2242,0,17841711,99.9936276988965,1137
2243,0,17841711,99.9936276988965,1137
2244,0,17841711,99.9936276988965,1137
2245,0,17841711,99.9936276988965,1137
2246,0,17841711,99.9936276988965,1137
2247,0,17841711,99.9936276988965,1137
2248,0,17841711,99.9936276988965,1137
2249,0,17841711,99.9936276988965,1137
2250,0,17841711,99.9936276988965,1137
2251,0,17841711,99.9936276988965,1137
2252,0,17841711,99.9936276988965,1137
2253,0,17841711,99.9936276988965,1137
2254,0,17841711,99.9936276988965,1137
2255,0,17841711,99.9936276988965,1137
2256,1,17841712,99.993633303383,1136
2257,0,17841712,99.993633303383,1136
2258,0,17841712,99.993633303383,1136
2259,0,17841712,99.993633303383,1136
2260,0,17841712,99.993633303383,1136
2261,0,17841712,99.993633303383,1136
2262,0,17841712,99.993633303383,1136
2263,0,17841712,99.993633303383,1136
2264,0,17841712,99.993633303383,1136
2265,0,17841712,99.993633303383,1136
2266,0,17841712,99.993633303383,1136
2267,0,17841712,99.993633303383,1136
2268,0,17841712,99.993633303383,1136
2269,0,17841712,99.993633303383,1136
2270,0,17841712,99.993633303383,1136
2271,0,17841712,99.993633303383,1136
2272,0,17841712,99.993633303383,1136
2273,4,17841716,99.9936557213288,1132
2274,0,17841716,99.9936557213288,1132
2275,0,17841716,99.9936557213288,1132
2276,0,17841716,99.9936557213288,1132
2277,0,17841716,99.9936557213288,1132
2278,0,17841716,99.9936557213288,1132
2279,0,17841716,99.9936557213288,1132
2280,0,17841716,99.9936557213288,1132
2281,0,17841716,99.9936557213288,1132
2282,0,17841716,99.9936557213288,1132
2283,0,17841716,99.9936557213288,1132
2284,0,17841716,99.9936557213288,1132
2285,0,17841716,99.9936557213288,1132
2286,0,17841716,99.9936557213288,1132
2287,0,17841716,99.9936557213288,1132
2288,0,17841716,99.9936557213288,1132
2289,0,17841716,99.9936557213288,1132
2290,0,17841716,99.9936557213288,1132
2291,0,17841716,99.9936557213288,1132
2292,0,17841716,99.9936557213288,1132
2293,0,17841716,99.9936557213288,1132
2294,0,17841716,99.9936557213288,1132
2295,0,17841716,99.9936557213288,1132
2296,0,17841716,99.9936557213288,1132
2297,0,17841716,99.9936557213288,1132
2298,0,17841716,99.9936557213288,1132
2299,0,17841716,99.9936557213288,1132
2300,0,17841716,99.9936557213288,1132
2301,0,17841716,99.9936557213288,1132
2302,0,17841716,99.9936557213288,1132
2303,0,17841716,99.9936557213288,1132
2304,3,17841719,99.9936725347882,1129
2305,0,17841719,99.9936725347882,1129
2306,0,17841719,99.9936725347882,1129
2307,0,17841719,99.9936725347882,1129
2308,0,17841719,99.9936725347882,1129
2309,0,17841719,99.9936725347882,1129
2310,0,17841719,99.9936725347882,1129
2311,0,17841719,99.9936725347882,1129
2312,0,17841719,99.9936725347882,1129
2313,0,17841719,99.9936725347882,1129
2314,0,17841719,99.9936725347882,1129
2315,0,17841719,99.9936725347882,1129
2316,0,17841719,99.9936725347882,1129
2317,0,17841719,99.9936725347882,1129
2318,0,17841719,99.9936725347882,1129
2319,0,17841719,99.9936725347882,1129
2320,0,17841719,99.9936725347882,1129
2321,0,17841719,99.9936725347882,1129
2322,0,17841719,99.9936725347882,1129
2323,0,17841719,99.9936725347882,1129
2324,0,17841719,99.9936725347882,1129
2325,0,17841719,99.9936725347882,1129
2326,0,17841719,99.9936725347882,1129
2327,0,17841719,99.9936725347882,1129
2328,0,17841719,99.9936725347882,1129
2329,0,17841719,99.9936725347882,1129
2330,0,17841719,99.9936725347882,1129
2331,0,17841719,99.9936725347882,1129
2332,0,17841719,99.9936725347882,1129
2333,0,17841719,99.9936725347882,1129
2334,0,17841719,99.9936725347882,1129
2335,0,17841719,99.9936725347882,1129
2336,0,17841719,99.9936725347882,1129
2337,0,17841719,99.9936725347882,1129
2338,0,17841719,99.9936725347882,1129
2339,0,17841719,99.9936725347882,1129
2340,0,17841719,99.9936725347882,1129
2341,0,17841719,99.9936725347882,1129
2342,0,17841719,99.9936725347882,1129
2343,0,17841719,99.9936725347882,1129
2344,0,17841719,99.9936725347882,1129
2345,0,17841719,99.9936725347882,1129
2346,0,17841719,99.9936725347882,1129
2347,0,17841719,99.9936725347882,1129
2348,1,17841720,99.9936781392746,1128
2349,0,17841720,99.9936781392746,1128
2350,0,17841720,99.9936781392746,1128
2351,0,17841720,99.9936781392746,1128
2352,1,17841721,99.9936837437611,1127
2353,0,17841721,99.9936837437611,1127
2354,0,17841721,99.9936837437611,1127
2355,0,17841721,99.9936837437611,1127
2356,0,17841721,99.9936837437611,1127
2357,0,17841721,99.9936837437611,1127
2358,0,17841721,99.9936837437611,1127
2359,0,17841721,99.9936837437611,1127
2360,0,17841721,99.9936837437611,1127
2361,0,17841721,99.9936837437611,1127
2362,0,17841721,99.9936837437611,1127
2363,0,17841721,99.9936837437611,1127
2364,0,17841721,99.9936837437611,1127
2365,0,17841721,99.9936837437611,1127
2366,0,17841721,99.9936837437611,1127
2367,0,17841721,99.9936837437611,1127
2368,0,17841721,99.9936837437611,1127
2369,0,17841721,99.9936837437611,1127
2370,0,17841721,99.9936837437611,1127
2371,0,17841721,99.9936837437611,1127
2372,0,17841721,99.9936837437611,1127
2373,0,17841721,99.9936837437611,1127
2374,0,17841721,99.9936837437611,1127
2375,0,17841721,99.9936837437611,1127
2376,0,17841721,99.9936837437611,1127
2377,0,17841721,99.9936837437611,1127
2378,0,17841721,99.9936837437611,1127
2379,0,17841721,99.9936837437611,1127
2380,0,17841721,99.9936837437611,1127
2381,0,17841721,99.9936837437611,1127
2382,0,17841721,99.9936837437611,1127
2383,0,17841721,99.9936837437611,1127
2384,0,17841721,99.9936837437611,1127
2385,0,17841721,99.9936837437611,1127
2386,0,17841721,99.9936837437611,1127
2387,0,17841721,99.9936837437611,1127
2388,0,17841721,99.9936837437611,1127
2389,0,17841721,99.9936837437611,1127
2390,0,17841721,99.9936837437611,1127
2391,0,17841721,99.9936837437611,1127
2392,0,17841721,99.9936837437611,1127
2393,0,17841721,99.9936837437611,1127
2394,0,17841721,99.9936837437611,1127
2395,0,17841721,99.9936837437611,1127
2396,0,17841721,99.9936837437611,1127
2397,0,17841721,99.9936837437611,1127
2398,0,17841721,99.9936837437611,1127
2399,0,17841721,99.9936837437611,1127
2400,2,17841723,99.993694952734,1125
2401,0,17841723,99.993694952734,1125
2402,0,17841723,99.993694952734,1125
2403,0,17841723,99.993694952734,1125
2404,0,17841723,99.993694952734,1125
2405,0,17841723,99.993694952734,1125
2406,0,17841723,99.993694952734,1125
2407,0,17841723,99.993694952734,1125
2408,0,17841723,99.993694952734,1125
2409,0,17841723,99.993694952734,1125
2410,0,17841723,99.993694952734,1125
2411,0,17841723,99.993694952734,1125
2412,0,17841723,99.993694952734,1125
2413,0,17841723,99.993694952734,1125
2414,0,17841723,99.993694952734,1125
2415,0,17841723,99.993694952734,1125
2416,0,17841723,99.993694952734,1125
2417,0,17841723,99.993694952734,1125
2418,0,17841723,99.993694952734,1125
2419,0,17841723,99.993694952734,1125
2420,1,17841724,99.9937005572205,1124
2421,0,17841724,99.9937005572205,1124
2422,0,17841724,99.9937005572205,1124
2423,0,17841724,99.9937005572205,1124
2424,0,17841724,99.9937005572205,1124
2425,0,17841724,99.9937005572205,1124
2426,0,17841724,99.9937005572205,1124
2427,0,17841724,99.9937005572205,1124
2428,0,17841724,99.9937005572205,1124
2429,0,17841724,99.9937005572205,1124
2430,0,17841724,99.9937005572205,1124
2431,0,17841724,99.9937005572205,1124
2432,0,17841724,99.9937005572205,1124
2433,0,17841724,99.9937005572205,1124
2434,0,17841724,99.9937005572205,1124
2435,0,17841724,99.9937005572205,1124
2436,0,17841724,99.9937005572205,1124
2437,1,17841725,99.9937061617069,1123
2438,0,17841725,99.9937061617069,1123
2439,0,17841725,99.9937061617069,1123
2440,0,17841725,99.9937061617069,1123
2441,0,17841725,99.9937061617069,1123
2442,0,17841725,99.9937061617069,1123
2443,0,17841725,99.9937061617069,1123
2444,0,17841725,99.9937061617069,1123
2445,0,17841725,99.9937061617069,1123
2446,0,17841725,99.9937061617069,1123
2447,0,17841725,99.9937061617069,1123
2448,1,17841726,99.9937117661934,1122
2449,0,17841726,99.9937117661934,1122
2450,0,17841726,99.9937117661934,1122
2451,0,17841726,99.9937117661934,1122
2452,0,17841726,99.9937117661934,1122
2453,0,17841726,99.9937117661934,1122
2454,0,17841726,99.9937117661934,1122
2455,0,17841726,99.9937117661934,1122
2456,0,17841726,99.9937117661934,1122
2457,0,17841726,99.9937117661934,1122
2458,0,17841726,99.9937117661934,1122
2459,0,17841726,99.9937117661934,1122
2460,0,17841726,99.9937117661934,1122
2461,0,17841726,99.9937117661934,1122
2462,0,17841726,99.9937117661934,1122
2463,0,17841726,99.9937117661934,1122
2464,0,17841726,99.9937117661934,1122
2465,0,17841726,99.9937117661934,1122
2466,0,17841726,99.9937117661934,1122
2467,0,17841726,99.9937117661934,1122
2468,0,17841726,99.9937117661934,1122
2469,0,17841726,99.9937117661934,1122
2470,0,17841726,99.9937117661934,1122
2471,0,17841726,99.9937117661934,1122
2472,0,17841726,99.9937117661934,1122
2473,0,17841726,99.9937117661934,1122
2474,0,17841726,99.9937117661934,1122
2475,0,17841726,99.9937117661934,1122
2476,0,17841726,99.9937117661934,1122
2477,0,17841726,99.9937117661934,1122
2478,0,17841726,99.9937117661934,1122
2479,0,17841726,99.9937117661934,1122
2480,0,17841726,99.9937117661934,1122
2481,0,17841726,99.9937117661934,1122
2482,0,17841726,99.9937117661934,1122
2483,0,17841726,99.9937117661934,1122
2484,0,17841726,99.9937117661934,1122
2485,0,17841726,99.9937117661934,1122
2486,0,17841726,99.9937117661934,1122
2487,0,17841726,99.9937117661934,1122
2488,0,17841726,99.9937117661934,1122
2489,0,17841726,99.9937117661934,1122
2490,0,17841726,99.9937117661934,1122
2491,0,17841726,99.9937117661934,1122
2492,0,17841726,99.9937117661934,1122
2493,0,17841726,99.9937117661934,1122
2494,0,17841726,99.9937117661934,1122
2495,0,17841726,99.9937117661934,1122
2496,0,17841726,99.9937117661934,1122
2497,0,17841726,99.9937117661934,1122
2498,0,17841726,99.9937117661934,1122
2499,0,17841726,99.9937117661934,1122
2500,0,17841726,99.9937117661934,1122
2501,0,17841726,99.9937117661934,1122
2502,0,17841726,99.9937117661934,1122
2503,0,17841726,99.9937117661934,1122
2504,0,17841726,99.9937117661934,1122
2505,0,17841726,99.9937117661934,1122
2506,0,17841726,99.9937117661934,1122
2507,0,17841726,99.9937117661934,1122
2508,0,17841726,99.9937117661934,1122
2509,0,17841726,99.9937117661934,1122
2510,0,17841726,99.9937117661934,1122
2511,0,17841726,99.9937117661934,1122
2512,0,17841726,99.9937117661934,1122
2513,0,17841726,99.9937117661934,1122
2514,0,17841726,99.9937117661934,1122
2515,0,17841726,99.9937117661934,1122
2516,0,17841726,99.9937117661934,1122
2517,0,17841726,99.9937117661934,1122
2518,0,17841726,99.9937117661934,1122
2519,0,17841726,99.9937117661934,1122
2520,0,17841726,99.9937117661934,1122
2521,0,17841726,99.9937117661934,1122
2522,0,17841726,99.9937117661934,1122
2523,0,17841726,99.9937117661934,1122
2524,0,17841726,99.9937117661934,1122
2525,0,17841726,99.9937117661934,1122
2526,0,17841726,99.9937117661934,1122
2527,0,17841726,99.9937117661934,1122
2528,0,17841726,99.9937117661934,1122
2529,0,17841726,99.9937117661934,1122
2530,0,17841726,99.9937117661934,1122
2531,0,17841726,99.9937117661934,1122
2532,0,17841726,99.9937117661934,1122
2533,0,17841726,99.9937117661934,1122
2534,0,17841726,99.9937117661934,1122
2535,0,17841726,99.9937117661934,1122
2536,0,17841726,99.9937117661934,1122
2537,0,17841726,99.9937117661934,1122
2538,0,17841726,99.9937117661934,1122
2539,0,17841726,99.9937117661934,1122
2540,0,17841726,99.9937117661934,1122
2541,0,17841726,99.9937117661934,1122
2542,0,17841726,99.9937117661934,1122
2543,0,17841726,99.9937117661934,1122
2544,0,17841726,99.9937117661934,1122
2545,0,17841726,99.9937117661934,1122
2546,0,17841726,99.9937117661934,1122
2547,0,17841726,99.9937117661934,1122
2548,0,17841726,99.9937117661934,1122
2549,0,17841726,99.9937117661934,1122
2550,0,17841726,99.9937117661934,1122
2551,0,17841726,99.9937117661934,1122
2552,0,17841726,99.9937117661934,1122
2553,0,17841726,99.9937117661934,1122
2554,0,17841726,99.9937117661934,1122
2555,0,17841726,99.9937117661934,1122
2556,0,17841726,99.9937117661934,1122
2557,0,17841726,99.9937117661934,1122
2558,0,17841726,99.9937117661934,1122
2559,0,17841726,99.9937117661934,1122
2560,1,17841727,99.9937173706798,1121
2561,0,17841727,99.9937173706798,1121
2562,0,17841727,99.9937173706798,1121
2563,0,17841727,99.9937173706798,1121
2564,0,17841727,99.9937173706798,1121
2565,0,17841727,99.9937173706798,1121
2566,0,17841727,99.9937173706798,1121
2567,0,17841727,99.9937173706798,1121
2568,0,17841727,99.9937173706798,1121
2569,0,17841727,99.9937173706798,1121
2570,0,17841727,99.9937173706798,1121
2571,0,17841727,99.9937173706798,1121
2572,0,17841727,99.9937173706798,1121
2573,0,17841727,99.9937173706798,1121
2574,0,17841727,99.9937173706798,1121
2575,0,17841727,99.9937173706798,1121
2576,0,17841727,99.9937173706798,1121
2577,0,17841727,99.9937173706798,1121
2578,0,17841727,99.9937173706798,1121
2579,0,17841727,99.9937173706798,1121
2580,0,17841727,99.9937173706798,1121
2581,0,17841727,99.9937173706798,1121
2582,0,17841727,99.9937173706798,1121
2583,0,17841727,99.9937173706798,1121
2584,0,17841727,99.9937173706798,1121
2585,0,17841727,99.9937173706798,1121
2586,0,17841727,99.9937173706798,1121
2587,0,17841727,99.9937173706798,1121
2588,0,17841727,99.9937173706798,1121
2589,0,17841727,99.9937173706798,1121
2590,0,17841727,99.9937173706798,1121
2591,0,17841727,99.9937173706798,1121
2592,1,17841728,99.9937229751663,1120
2593,0,17841728,99.9937229751663,1120
2594,0,17841728,99.9937229751663,1120
2595,0,17841728,99.9937229751663,1120
2596,0,17841728,99.9937229751663,1120
2597,0,17841728,99.9937229751663,1120
2598,0,17841728,99.9937229751663,1120
2599,0,17841728,99.9937229751663,1120
2600,0,17841728,99.9937229751663,1120
2601,0,17841728,99.9937229751663,1120
2602,0,17841728,99.9937229751663,1120
2603,0,17841728,99.9937229751663,1120
2604,0,17841728,99.9937229751663,1120
2605,0,17841728,99.9937229751663,1120
2606,0,17841728,99.9937229751663,1120
2607,0,17841728,99.9937229751663,1120
2608,0,17841728,99.9937229751663,1120
2609,0,17841728,99.9937229751663,1120
2610,0,17841728,99.9937229751663,1120
2611,0,17841728,99.9937229751663,1120
2612,0,17841728,99.9937229751663,1120
2613,0,17841728,99.9937229751663,1120
2614,0,17841728,99.9937229751663,1120
2615,0,17841728,99.9937229751663,1120
2616,0,17841728,99.9937229751663,1120
2617,0,17841728,99.9937229751663,1120
2618,0,17841728,99.9937229751663,1120
2619,0,17841728,99.9937229751663,1120
2620,0,17841728,99.9937229751663,1120
2621,0,17841728,99.9937229751663,1120
2622,0,17841728,99.9937229751663,1120
2623,0,17841728,99.9937229751663,1120
2624,0,17841728,99.9937229751663,1120
2625,0,17841728,99.9937229751663,1120
2626,0,17841728,99.9937229751663,1120
2627,0,17841728,99.9937229751663,1120
2628,0,17841728,99.9937229751663,1120
2629,0,17841728,99.9937229751663,1120
2630,0,17841728,99.9937229751663,1120
2631,0,17841728,99.9937229751663,1120
2632,0,17841728,99.9937229751663,1120
2633,0,17841728,99.9937229751663,1120
2634,0,17841728,99.9937229751663,1120
2635,0,17841728,99.9937229751663,1120
2636,0,17841728,99.9937229751663,1120
2637,0,17841728,99.9937229751663,1120
2638,0,17841728,99.9937229751663,1120
2639,0,17841728,99.9937229751663,1120
2640,0,17841728,99.9937229751663,1120
2641,0,17841728,99.9937229751663,1120
2642,0,17841728,99.9937229751663,1120
2643,0,17841728,99.9937229751663,1120
2644,0,17841728,99.9937229751663,1120
2645,0,17841728,99.9937229751663,1120
2646,1,17841729,99.9937285796528,1119
2647,0,17841729,99.9937285796528,1119
2648,0,17841729,99.9937285796528,1119
2649,0,17841729,99.9937285796528,1119
2650,0,17841729,99.9937285796528,1119
2651,0,17841729,99.9937285796528,1119
2652,0,17841729,99.9937285796528,1119
2653,0,17841729,99.9937285796528,1119
2654,0,17841729,99.9937285796528,1119
2655,0,17841729,99.9937285796528,1119
2656,0,17841729,99.9937285796528,1119
2657,0,17841729,99.9937285796528,1119
2658,0,17841729,99.9937285796528,1119
2659,0,17841729,99.9937285796528,1119
2660,2,17841731,99.9937397886257,1117
2661,0,17841731,99.9937397886257,1117
2662,0,17841731,99.9937397886257,1117
2663,0,17841731,99.9937397886257,1117
2664,0,17841731,99.9937397886257,1117
2665,0,17841731,99.9937397886257,1117
2666,0,17841731,99.9937397886257,1117
2667,0,17841731,99.9937397886257,1117
2668,0,17841731,99.9937397886257,1117
2669,0,17841731,99.9937397886257,1117
2670,0,17841731,99.9937397886257,1117
2671,0,17841731,99.9937397886257,1117
2672,0,17841731,99.9937397886257,1117
2673,0,17841731,99.9937397886257,1117
2674,0,17841731,99.9937397886257,1117
2675,0,17841731,99.9937397886257,1117
2676,0,17841731,99.9937397886257,1117
2677,0,17841731,99.9937397886257,1117
2678,0,17841731,99.9937397886257,1117
2679,0,17841731,99.9937397886257,1117
2680,0,17841731,99.9937397886257,1117
2681,0,17841731,99.9937397886257,1117
2682,1,17841732,99.9937453931121,1116
2683,0,17841732,99.9937453931121,1116
2684,0,17841732,99.9937453931121,1116
2685,0,17841732,99.9937453931121,1116
2686,0,17841732,99.9937453931121,1116
2687,0,17841732,99.9937453931121,1116
2688,0,17841732,99.9937453931121,1116
2689,0,17841732,99.9937453931121,1116
2690,0,17841732,99.9937453931121,1116
2691,0,17841732,99.9937453931121,1116
2692,0,17841732,99.9937453931121,1116
2693,1,17841733,99.9937509975986,1115
2694,0,17841733,99.9937509975986,1115
2695,0,17841733,99.9937509975986,1115
2696,0,17841733,99.9937509975986,1115
2697,0,17841733,99.9937509975986,1115
2698,0,17841733,99.9937509975986,1115
2699,0,17841733,99.9937509975986,1115
2700,0,17841733,99.9937509975986,1115
2701,0,17841733,99.9937509975986,1115
2702,0,17841733,99.9937509975986,1115
2703,0,17841733,99.9937509975986,1115
2704,1,17841734,99.993756602085,1114
2705,0,17841734,99.993756602085,1114
2706,0,17841734,99.993756602085,1114
2707,0,17841734,99.993756602085,1114
2708,0,17841734,99.993756602085,1114
2709,0,17841734,99.993756602085,1114
2710,0,17841734,99.993756602085,1114
2711,0,17841734,99.993756602085,1114
2712,0,17841734,99.993756602085,1114
2713,0,17841734,99.993756602085,1114
2714,0,17841734,99.993756602085,1114
2715,0,17841734,99.993756602085,1114
2716,0,17841734,99.993756602085,1114
2717,0,17841734,99.993756602085,1114
2718,0,17841734,99.993756602085,1114
2719,0,17841734,99.993756602085,1114
2720,0,17841734,99.993756602085,1114
2721,0,17841734,99.993756602085,1114
2722,0,17841734,99.993756602085,1114
2723,0,17841734,99.993756602085,1114
2724,0,17841734,99.993756602085,1114
2725,0,17841734,99.993756602085,1114
2726,0,17841734,99.993756602085,1114
2727,0,17841734,99.993756602085,1114
2728,0,17841734,99.993756602085,1114
2729,0,17841734,99.993756602085,1114
2730,1,17841735,99.9937622065715,1113
2731,0,17841735,99.9937622065715,1113
2732,0,17841735,99.9937622065715,1113
2733,0,17841735,99.9937622065715,1113
2734,0,17841735,99.9937622065715,1113
2735,0,17841735,99.9937622065715,1113
2736,0,17841735,99.9937622065715,1113
2737,0,17841735,99.9937622065715,1113
2738,0,17841735,99.9937622065715,1113
2739,0,17841735,99.9937622065715,1113
2740,0,17841735,99.9937622065715,1113
2741,0,17841735,99.9937622065715,1113
2742,0,17841735,99.9937622065715,1113
2743,0,17841735,99.9937622065715,1113
2744,0,17841735,99.9937622065715,1113
2745,0,17841735,99.9937622065715,1113
2746,0,17841735,99.9937622065715,1113
2747,0,17841735,99.9937622065715,1113
2748,0,17841735,99.9937622065715,1113
2749,0,17841735,99.9937622065715,1113
2750,0,17841735,99.9937622065715,1113
2751,0,17841735,99.9937622065715,1113
2752,0,17841735,99.9937622065715,1113
2753,0,17841735,99.9937622065715,1113
2754,0,17841735,99.9937622065715,1113
2755,0,17841735,99.9937622065715,1113
2756,0,17841735,99.9937622065715,1113
2757,0,17841735,99.9937622065715,1113
2758,0,17841735,99.9937622065715,1113
2759,0,17841735,99.9937622065715,1113
2760,1,17841736,99.993767811058,1112
2761,0,17841736,99.993767811058,1112
2762,0,17841736,99.993767811058,1112
2763,0,17841736,99.993767811058,1112
2764,0,17841736,99.993767811058,1112
2765,0,17841736,99.993767811058,1112
2766,0,17841736,99.993767811058,1112
2767,0,17841736,99.993767811058,1112
2768,1,17841737,99.9937734155444,1111
2769,0,17841737,99.9937734155444,1111
2770,0,17841737,99.9937734155444,1111
2771,0,17841737,99.9937734155444,1111
2772,0,17841737,99.9937734155444,1111
2773,0,17841737,99.9937734155444,1111
2774,0,17841737,99.9937734155444,1111
2775,0,17841737,99.9937734155444,1111
2776,0,17841737,99.9937734155444,1111
2777,0,17841737,99.9937734155444,1111
2778,1,17841738,99.9937790200309,1110
2779,0,17841738,99.9937790200309,1110
2780,0,17841738,99.9937790200309,1110
2781,0,17841738,99.9937790200309,1110
2782,0,17841738,99.9937790200309,1110
2783,0,17841738,99.9937790200309,1110
2784,0,17841738,99.9937790200309,1110
2785,0,17841738,99.9937790200309,1110
2786,0,17841738,99.9937790200309,1110
2787,0,17841738,99.9937790200309,1110
2788,0,17841738,99.9937790200309,1110
2789,0,17841738,99.9937790200309,1110
2790,0,17841738,99.9937790200309,1110
2791,0,17841738,99.9937790200309,1110
2792,0,17841738,99.9937790200309,1110
2793,0,17841738,99.9937790200309,1110
2794,0,17841738,99.9937790200309,1110
2795,0,17841738,99.9937790200309,1110
2796,0,17841738,99.9937790200309,1110
2797,0,17841738,99.9937790200309,1110
2798,0,17841738,99.9937790200309,1110
2799,0,17841738,99.9937790200309,1110
2800,0,17841738,99.9937790200309,1110
2801,0,17841738,99.9937790200309,1110
2802,0,17841738,99.9937790200309,1110
2803,0,17841738,99.9937790200309,1110
2804,0,17841738,99.9937790200309,1110
2805,0,17841738,99.9937790200309,1110
2806,0,17841738,99.9937790200309,1110
2807,0,17841738,99.9937790200309,1110
2808,0,17841738,99.9937790200309,1110
2809,0,17841738,99.9937790200309,1110
2810,0,17841738,99.9937790200309,1110
2811,0,17841738,99.9937790200309,1110
2812,0,17841738,99.9937790200309,1110
2813,0,17841738,99.9937790200309,1110
2814,0,17841738,99.9937790200309,1110
2815,0,17841738,99.9937790200309,1110
2816,0,17841738,99.9937790200309,1110
2817,0,17841738,99.9937790200309,1110
2818,0,17841738,99.9937790200309,1110
2819,0,17841738,99.9937790200309,1110
2820,0,17841738,99.9937790200309,1110
2821,0,17841738,99.9937790200309,1110
2822,0,17841738,99.9937790200309,1110
2823,0,17841738,99.9937790200309,1110
2824,0,17841738,99.9937790200309,1110
2825,0,17841738,99.9937790200309,1110
2826,0,17841738,99.9937790200309,1110
2827,0,17841738,99.9937790200309,1110
2828,0,17841738,99.9937790200309,1110
2829,0,17841738,99.9937790200309,1110
2830,0,17841738,99.9937790200309,1110
2831,0,17841738,99.9937790200309,1110
2832,0,17841738,99.9937790200309,1110
2833,0,17841738,99.9937790200309,1110
2834,0,17841738,99.9937790200309,1110
2835,0,17841738,99.9937790200309,1110
2836,0,17841738,99.9937790200309,1110
2837,0,17841738,99.9937790200309,1110
2838,0,17841738,99.9937790200309,1110
2839,0,17841738,99.9937790200309,1110
2840,0,17841738,99.9937790200309,1110
2841,0,17841738,99.9937790200309,1110
2842,0,17841738,99.9937790200309,1110
2843,0,17841738,99.9937790200309,1110
2844,24,17841762,99.9939135277059,1086
2845,0,17841762,99.9939135277059,1086
2846,0,17841762,99.9939135277059,1086
2847,0,17841762,99.9939135277059,1086
2848,0,17841762,99.9939135277059,1086
2849,0,17841762,99.9939135277059,1086
2850,0,17841762,99.9939135277059,1086
2851,0,17841762,99.9939135277059,1086
2852,0,17841762,99.9939135277059,1086
2853,0,17841762,99.9939135277059,1086
2854,0,17841762,99.9939135277059,1086
2855,0,17841762,99.9939135277059,1086
2856,0,17841762,99.9939135277059,1086
2857,0,17841762,99.9939135277059,1086
2858,0,17841762,99.9939135277059,1086
2859,0,17841762,99.9939135277059,1086
2860,0,17841762,99.9939135277059,1086
2861,0,17841762,99.9939135277059,1086
2862,0,17841762,99.9939135277059,1086
2863,0,17841762,99.9939135277059,1086
2864,0,17841762,99.9939135277059,1086
2865,0,17841762,99.9939135277059,1086
2866,0,17841762,99.9939135277059,1086
2867,0,17841762,99.9939135277059,1086
2868,0,17841762,99.9939135277059,1086
2869,0,17841762,99.9939135277059,1086
2870,0,17841762,99.9939135277059,1086
2871,0,17841762,99.9939135277059,1086
2872,0,17841762,99.9939135277059,1086
2873,0,17841762,99.9939135277059,1086
2874,0,17841762,99.9939135277059,1086
2875,0,17841762,99.9939135277059,1086
2876,0,17841762,99.9939135277059,1086
2877,0,17841762,99.9939135277059,1086
2878,0,17841762,99.9939135277059,1086
2879,0,17841762,99.9939135277059,1086
2880,0,17841762,99.9939135277059,1086
2881,0,17841762,99.9939135277059,1086
2882,0,17841762,99.9939135277059,1086
2883,0,17841762,99.9939135277059,1086
2884,0,17841762,99.9939135277059,1086
2885,0,17841762,99.9939135277059,1086
2886,0,17841762,99.9939135277059,1086
2887,0,17841762,99.9939135277059,1086
2888,0,17841762,99.9939135277059,1086
2889,0,17841762,99.9939135277059,1086
2890,0,17841762,99.9939135277059,1086
2891,0,17841762,99.9939135277059,1086
2892,0,17841762,99.9939135277059,1086
2893,0,17841762,99.9939135277059,1086
2894,0,17841762,99.9939135277059,1086
2895,0,17841762,99.9939135277059,1086
2896,0,17841762,99.9939135277059,1086
2897,0,17841762,99.9939135277059,1086
2898,0,17841762,99.9939135277059,1086
2899,0,17841762,99.9939135277059,1086
2900,0,17841762,99.9939135277059,1086
2901,0,17841762,99.9939135277059,1086
2902,0,17841762,99.9939135277059,1086
2903,0,17841762,99.9939135277059,1086
2904,1,17841763,99.9939191321923,1085
2905,0,17841763,99.9939191321923,1085
2906,0,17841763,99.9939191321923,1085
2907,0,17841763,99.9939191321923,1085
2908,0,17841763,99.9939191321923,1085
2909,0,17841763,99.9939191321923,1085
2910,0,17841763,99.9939191321923,1085
2911,0,17841763,99.9939191321923,1085
2912,0,17841763,99.9939191321923,1085
2913,0,17841763,99.9939191321923,1085
2914,0,17841763,99.9939191321923,1085
2915,0,17841763,99.9939191321923,1085
2916,0,17841763,99.9939191321923,1085
2917,0,17841763,99.9939191321923,1085
2918,0,17841763,99.9939191321923,1085
2919,0,17841763,99.9939191321923,1085
2920,0,17841763,99.9939191321923,1085
2921,0,17841763,99.9939191321923,1085
2922,0,17841763,99.9939191321923,1085
2923,0,17841763,99.9939191321923,1085
2924,0,17841763,99.9939191321923,1085
2925,0,17841763,99.9939191321923,1085
2926,0,17841763,99.9939191321923,1085
2927,0,17841763,99.9939191321923,1085
2928,0,17841763,99.9939191321923,1085
2929,0,17841763,99.9939191321923,1085
2930,0,17841763,99.9939191321923,1085
2931,0,17841763,99.9939191321923,1085
2932,0,17841763,99.9939191321923,1085
2933,0,17841763,99.9939191321923,1085
2934,0,17841763,99.9939191321923,1085
2935,0,17841763,99.9939191321923,1085
2936,0,17841763,99.9939191321923,1085
2937,0,17841763,99.9939191321923,1085
2938,0,17841763,99.9939191321923,1085
2939,0,17841763,99.9939191321923,1085
2940,0,17841763,99.9939191321923,1085
2941,0,17841763,99.9939191321923,1085
2942,0,17841763,99.9939191321923,1085
2943,0,17841763,99.9939191321923,1085
2944,0,17841763,99.9939191321923,1085
2945,0,17841763,99.9939191321923,1085
2946,0,17841763,99.9939191321923,1085
2947,0,17841763,99.9939191321923,1085
2948,0,17841763,99.9939191321923,1085
2949,0,17841763,99.9939191321923,1085
2950,0,17841763,99.9939191321923,1085
2951,0,17841763,99.9939191321923,1085
2952,0,17841763,99.9939191321923,1085
2953,0,17841763,99.9939191321923,1085
2954,0,17841763,99.9939191321923,1085
2955,0,17841763,99.9939191321923,1085
2956,0,17841763,99.9939191321923,1085
2957,0,17841763,99.9939191321923,1085
2958,0,17841763,99.9939191321923,1085
2959,0,17841763,99.9939191321923,1085
2960,0,17841763,99.9939191321923,1085
2961,0,17841763,99.9939191321923,1085
2962,0,17841763,99.9939191321923,1085
2963,0,17841763,99.9939191321923,1085
2964,2,17841765,99.9939303411653,1083
2965,6,17841771,99.993963968084,1077
2966,0,17841771,99.993963968084,1077
2967,0,17841771,99.993963968084,1077
2968,0,17841771,99.993963968084,1077
2969,0,17841771,99.993963968084,1077
2970,0,17841771,99.993963968084,1077
2971,0,17841771,99.993963968084,1077
2972,0,17841771,99.993963968084,1077
2973,0,17841771,99.993963968084,1077
2974,0,17841771,99.993963968084,1077
2975,0,17841771,99.993963968084,1077
2976,0,17841771,99.993963968084,1077
2977,0,17841771,99.993963968084,1077
2978,0,17841771,99.993963968084,1077
2979,0,17841771,99.993963968084,1077
2980,0,17841771,99.993963968084,1077
2981,0,17841771,99.993963968084,1077
2982,0,17841771,99.993963968084,1077
2983,0,17841771,99.993963968084,1077
2984,0,17841771,99.993963968084,1077
2985,0,17841771,99.993963968084,1077
2986,0,17841771,99.993963968084,1077
2987,0,17841771,99.993963968084,1077
2988,0,17841771,99.993963968084,1077
2989,0,17841771,99.993963968084,1077
2990,0,17841771,99.993963968084,1077
2991,0,17841771,99.993963968084,1077
2992,0,17841771,99.993963968084,1077
2993,0,17841771,99.993963968084,1077
2994,0,17841771,99.993963968084,1077
2995,0,17841771,99.993963968084,1077
2996,0,17841771,99.993963968084,1077
2997,0,17841771,99.993963968084,1077
2998,0,17841771,99.993963968084,1077
2999,0,17841771,99.993963968084,1077
3000,0,17841771,99.993963968084,1077
3001,0,17841771,99.993963968084,1077
3002,0,17841771,99.993963968084,1077
3003,0,17841771,99.993963968084,1077
3004,0,17841771,99.993963968084,1077
3005,0,17841771,99.993963968084,1077
3006,0,17841771,99.993963968084,1077
3007,0,17841771,99.993963968084,1077
3008,0,17841771,99.993963968084,1077
3009,0,17841771,99.993963968084,1077
3010,0,17841771,99.993963968084,1077
3011,0,17841771,99.993963968084,1077
3012,0,17841771,99.993963968084,1077
3013,0,17841771,99.993963968084,1077
3014,0,17841771,99.993963968084,1077
3015,0,17841771,99.993963968084,1077
3016,0,17841771,99.993963968084,1077
3017,0,17841771,99.993963968084,1077
3018,0,17841771,99.993963968084,1077
3019,0,17841771,99.993963968084,1077
3020,0,17841771,99.993963968084,1077
3021,0,17841771,99.993963968084,1077
3022,0,17841771,99.993963968084,1077
3023,0,17841771,99.993963968084,1077
3024,0,17841771,99.993963968084,1077
3025,0,17841771,99.993963968084,1077
3026,0,17841771,99.993963968084,1077
3027,0,17841771,99.993963968084,1077
3028,0,17841771,99.993963968084,1077
3029,0,17841771,99.993963968084,1077
3030,0,17841771,99.993963968084,1077
3031,0,17841771,99.993963968084,1077
3032,0,17841771,99.993963968084,1077
3033,0,17841771,99.993963968084,1077
3034,0,17841771,99.993963968084,1077
3035,0,17841771,99.993963968084,1077
3036,0,17841771,99.993963968084,1077
3037,0,17841771,99.993963968084,1077
3038,0,17841771,99.993963968084,1077
3039,0,17841771,99.993963968084,1077
3040,0,17841771,99.993963968084,1077
3041,0,17841771,99.993963968084,1077
3042,0,17841771,99.993963968084,1077
3043,0,17841771,99.993963968084,1077
3044,0,17841771,99.993963968084,1077
3045,0,17841771,99.993963968084,1077
3046,0,17841771,99.993963968084,1077
3047,0,17841771,99.993963968084,1077
3048,0,17841771,99.993963968084,1077
3049,0,17841771,99.993963968084,1077
3050,0,17841771,99.993963968084,1077
3051,0,17841771,99.993963968084,1077
3052,0,17841771,99.993963968084,1077
3053,0,17841771,99.993963968084,1077
3054,0,17841771,99.993963968084,1077
3055,0,17841771,99.993963968084,1077
3056,0,17841771,99.993963968084,1077
3057,0,17841771,99.993963968084,1077
3058,0,17841771,99.993963968084,1077
3059,0,17841771,99.993963968084,1077
3060,0,17841771,99.993963968084,1077
3061,0,17841771,99.993963968084,1077
3062,0,17841771,99.993963968084,1077
3063,0,17841771,99.993963968084,1077
3064,0,17841771,99.993963968084,1077
3065,0,17841771,99.993963968084,1077
3066,0,17841771,99.993963968084,1077
3067,0,17841771,99.993963968084,1077
3068,0,17841771,99.993963968084,1077
3069,0,17841771,99.993963968084,1077
3070,0,17841771,99.993963968084,1077
3071,0,17841771,99.993963968084,1077
3072,18,17841789,99.9940648488403,1059
3073,0,17841789,99.9940648488403,1059
3074,0,17841789,99.9940648488403,1059
3075,0,17841789,99.9940648488403,1059
3076,0,17841789,99.9940648488403,1059
3077,0,17841789,99.9940648488403,1059
3078,0,17841789,99.9940648488403,1059
3079,0,17841789,99.9940648488403,1059
3080,0,17841789,99.9940648488403,1059
3081,0,17841789,99.9940648488403,1059
3082,0,17841789,99.9940648488403,1059
3083,0,17841789,99.9940648488403,1059
3084,0,17841789,99.9940648488403,1059
3085,0,17841789,99.9940648488403,1059
3086,0,17841789,99.9940648488403,1059
3087,0,17841789,99.9940648488403,1059
3088,0,17841789,99.9940648488403,1059
3089,0,17841789,99.9940648488403,1059
3090,0,17841789,99.9940648488403,1059
3091,0,17841789,99.9940648488403,1059
3092,0,17841789,99.9940648488403,1059
3093,0,17841789,99.9940648488403,1059
3094,0,17841789,99.9940648488403,1059
3095,0,17841789,99.9940648488403,1059
3096,0,17841789,99.9940648488403,1059
3097,0,17841789,99.9940648488403,1059
3098,0,17841789,99.9940648488403,1059
3099,0,17841789,99.9940648488403,1059
3100,0,17841789,99.9940648488403,1059
3101,0,17841789,99.9940648488403,1059
3102,0,17841789,99.9940648488403,1059
3103,0,17841789,99.9940648488403,1059
3104,0,17841789,99.9940648488403,1059
3105,0,17841789,99.9940648488403,1059
3106,0,17841789,99.9940648488403,1059
3107,0,17841789,99.9940648488403,1059
3108,0,17841789,99.9940648488403,1059
3109,0,17841789,99.9940648488403,1059
3110,0,17841789,99.9940648488403,1059
3111,0,17841789,99.9940648488403,1059
3112,0,17841789,99.9940648488403,1059
3113,0,17841789,99.9940648488403,1059
3114,0,17841789,99.9940648488403,1059
3115,0,17841789,99.9940648488403,1059
3116,0,17841789,99.9940648488403,1059
3117,0,17841789,99.9940648488403,1059
3118,0,17841789,99.9940648488403,1059
3119,0,17841789,99.9940648488403,1059
3120,0,17841789,99.9940648488403,1059
3121,0,17841789,99.9940648488403,1059
3122,0,17841789,99.9940648488403,1059
3123,0,17841789,99.9940648488403,1059
3124,0,17841789,99.9940648488403,1059
3125,0,17841789,99.9940648488403,1059
3126,0,17841789,99.9940648488403,1059
3127,0,17841789,99.9940648488403,1059
3128,0,17841789,99.9940648488403,1059
3129,0,17841789,99.9940648488403,1059
3130,0,17841789,99.9940648488403,1059
3131,0,17841789,99.9940648488403,1059
3132,0,17841789,99.9940648488403,1059
3133,0,17841789,99.9940648488403,1059
3134,0,17841789,99.9940648488403,1059
3135,0,17841789,99.9940648488403,1059
3136,1,17841790,99.9940704533267,1058
3137,0,17841790,99.9940704533267,1058
3138,0,17841790,99.9940704533267,1058
3139,0,17841790,99.9940704533267,1058
3140,0,17841790,99.9940704533267,1058
3141,0,17841790,99.9940704533267,1058
3142,0,17841790,99.9940704533267,1058
3143,0,17841790,99.9940704533267,1058
3144,0,17841790,99.9940704533267,1058
3145,0,17841790,99.9940704533267,1058
3146,0,17841790,99.9940704533267,1058
3147,0,17841790,99.9940704533267,1058
3148,0,17841790,99.9940704533267,1058
3149,0,17841790,99.9940704533267,1058
3150,0,17841790,99.9940704533267,1058
3151,0,17841790,99.9940704533267,1058
3152,0,17841790,99.9940704533267,1058
3153,0,17841790,99.9940704533267,1058
3154,0,17841790,99.9940704533267,1058
3155,0,17841790,99.9940704533267,1058
3156,0,17841790,99.9940704533267,1058
3157,0,17841790,99.9940704533267,1058
3158,0,17841790,99.9940704533267,1058
3159,0,17841790,99.9940704533267,1058
3160,0,17841790,99.9940704533267,1058
3161,0,17841790,99.9940704533267,1058
3162,0,17841790,99.9940704533267,1058
3163,0,17841790,99.9940704533267,1058
3164,0,17841790,99.9940704533267,1058
3165,0,17841790,99.9940704533267,1058
3166,0,17841790,99.9940704533267,1058
3167,0,17841790,99.9940704533267,1058
3168,1,17841791,99.9940760578132,1057
3169,0,17841791,99.9940760578132,1057
3170,0,17841791,99.9940760578132,1057
3171,0,17841791,99.9940760578132,1057
3172,0,17841791,99.9940760578132,1057
3173,0,17841791,99.9940760578132,1057
3174,0,17841791,99.9940760578132,1057
3175,0,17841791,99.9940760578132,1057
3176,0,17841791,99.9940760578132,1057
3177,0,17841791,99.9940760578132,1057
3178,0,17841791,99.9940760578132,1057
3179,0,17841791,99.9940760578132,1057
3180,0,17841791,99.9940760578132,1057
3181,0,17841791,99.9940760578132,1057
3182,0,17841791,99.9940760578132,1057
3183,0,17841791,99.9940760578132,1057
3184,0,17841791,99.9940760578132,1057
3185,0,17841791,99.9940760578132,1057
3186,0,17841791,99.9940760578132,1057
3187,0,17841791,99.9940760578132,1057
3188,0,17841791,99.9940760578132,1057
3189,0,17841791,99.9940760578132,1057
3190,0,17841791,99.9940760578132,1057
3191,0,17841791,99.9940760578132,1057
3192,0,17841791,99.9940760578132,1057
3193,0,17841791,99.9940760578132,1057
3194,0,17841791,99.9940760578132,1057
3195,0,17841791,99.9940760578132,1057
3196,0,17841791,99.9940760578132,1057
3197,0,17841791,99.9940760578132,1057
3198,0,17841791,99.9940760578132,1057
3199,0,17841791,99.9940760578132,1057
3200,0,17841791,99.9940760578132,1057
3201,0,17841791,99.9940760578132,1057
3202,0,17841791,99.9940760578132,1057
3203,0,17841791,99.9940760578132,1057
3204,0,17841791,99.9940760578132,1057
3205,0,17841791,99.9940760578132,1057
3206,0,17841791,99.9940760578132,1057
3207,0,17841791,99.9940760578132,1057
3208,0,17841791,99.9940760578132,1057
3209,0,17841791,99.9940760578132,1057
3210,0,17841791,99.9940760578132,1057
3211,0,17841791,99.9940760578132,1057
3212,2,17841793,99.9940872667861,1055
3213,0,17841793,99.9940872667861,1055
3214,0,17841793,99.9940872667861,1055
3215,0,17841793,99.9940872667861,1055
3216,0,17841793,99.9940872667861,1055
3217,0,17841793,99.9940872667861,1055
3218,0,17841793,99.9940872667861,1055
3219,0,17841793,99.9940872667861,1055
3220,0,17841793,99.9940872667861,1055
3221,0,17841793,99.9940872667861,1055
3222,0,17841793,99.9940872667861,1055
3223,0,17841793,99.9940872667861,1055
3224,0,17841793,99.9940872667861,1055
3225,0,17841793,99.9940872667861,1055
3226,0,17841793,99.9940872667861,1055
3227,0,17841793,99.9940872667861,1055
3228,0,17841793,99.9940872667861,1055
3229,0,17841793,99.9940872667861,1055
3230,0,17841793,99.9940872667861,1055
3231,0,17841793,99.9940872667861,1055
3232,0,17841793,99.9940872667861,1055
3233,0,17841793,99.9940872667861,1055
3234,0,17841793,99.9940872667861,1055
3235,0,17841793,99.9940872667861,1055
3236,0,17841793,99.9940872667861,1055
3237,0,17841793,99.9940872667861,1055
3238,0,17841793,99.9940872667861,1055
3239,0,17841793,99.9940872667861,1055
3240,0,17841793,99.9940872667861,1055
3241,0,17841793,99.9940872667861,1055
3242,0,17841793,99.9940872667861,1055
3243,0,17841793,99.9940872667861,1055
3244,0,17841793,99.9940872667861,1055
3245,0,17841793,99.9940872667861,1055
3246,0,17841793,99.9940872667861,1055
3247,0,17841793,99.9940872667861,1055
3248,0,17841793,99.9940872667861,1055
3249,0,17841793,99.9940872667861,1055
3250,0,17841793,99.9940872667861,1055
3251,0,17841793,99.9940872667861,1055
3252,0,17841793,99.9940872667861,1055
3253,0,17841793,99.9940872667861,1055
3254,0,17841793,99.9940872667861,1055
3255,0,17841793,99.9940872667861,1055
3256,0,17841793,99.9940872667861,1055
3257,0,17841793,99.9940872667861,1055
3258,0,17841793,99.9940872667861,1055
3259,0,17841793,99.9940872667861,1055
3260,0,17841793,99.9940872667861,1055
3261,0,17841793,99.9940872667861,1055
3262,0,17841793,99.9940872667861,1055
3263,0,17841793,99.9940872667861,1055
3264,0,17841793,99.9940872667861,1055
3265,0,17841793,99.9940872667861,1055
3266,0,17841793,99.9940872667861,1055
3267,0,17841793,99.9940872667861,1055
3268,0,17841793,99.9940872667861,1055
3269,0,17841793,99.9940872667861,1055
3270,0,17841793,99.9940872667861,1055
3271,0,17841793,99.9940872667861,1055
3272,0,17841793,99.9940872667861,1055
3273,0,17841793,99.9940872667861,1055
3274,0,17841793,99.9940872667861,1055
3275,0,17841793,99.9940872667861,1055
3276,0,17841793,99.9940872667861,1055
3277,0,17841793,99.9940872667861,1055
3278,0,17841793,99.9940872667861,1055
3279,0,17841793,99.9940872667861,1055
3280,0,17841793,99.9940872667861,1055
3281,0,17841793,99.9940872667861,1055
3282,0,17841793,99.9940872667861,1055
3283,0,17841793,99.9940872667861,1055
3284,0,17841793,99.9940872667861,1055
3285,0,17841793,99.9940872667861,1055
3286,0,17841793,99.9940872667861,1055
3287,0,17841793,99.9940872667861,1055
3288,0,17841793,99.9940872667861,1055
3289,0,17841793,99.9940872667861,1055
3290,0,17841793,99.9940872667861,1055
3291,0,17841793,99.9940872667861,1055
3292,0,17841793,99.9940872667861,1055
3293,0,17841793,99.9940872667861,1055
3294,0,17841793,99.9940872667861,1055
3295,0,17841793,99.9940872667861,1055
3296,0,17841793,99.9940872667861,1055
3297,0,17841793,99.9940872667861,1055
3298,0,17841793,99.9940872667861,1055
3299,0,17841793,99.9940872667861,1055
3300,0,17841793,99.9940872667861,1055
3301,0,17841793,99.9940872667861,1055
3302,0,17841793,99.9940872667861,1055
3303,0,17841793,99.9940872667861,1055
3304,0,17841793,99.9940872667861,1055
3305,0,17841793,99.9940872667861,1055
3306,0,17841793,99.9940872667861,1055
3307,0,17841793,99.9940872667861,1055
3308,0,17841793,99.9940872667861,1055
3309,0,17841793,99.9940872667861,1055
3310,0,17841793,99.9940872667861,1055
3311,0,17841793,99.9940872667861,1055
3312,0,17841793,99.9940872667861,1055
3313,0,17841793,99.9940872667861,1055
3314,0,17841793,99.9940872667861,1055
3315,0,17841793,99.9940872667861,1055
3316,0,17841793,99.9940872667861,1055
3317,0,17841793,99.9940872667861,1055
3318,0,17841793,99.9940872667861,1055
3319,0,17841793,99.9940872667861,1055
3320,0,17841793,99.9940872667861,1055
3321,0,17841793,99.9940872667861,1055
3322,0,17841793,99.9940872667861,1055
3323,0,17841793,99.9940872667861,1055
3324,0,17841793,99.9940872667861,1055
3325,0,17841793,99.9940872667861,1055
3326,0,17841793,99.9940872667861,1055
3327,0,17841793,99.9940872667861,1055
3328,0,17841793,99.9940872667861,1055
3329,0,17841793,99.9940872667861,1055
3330,0,17841793,99.9940872667861,1055
3331,0,17841793,99.9940872667861,1055
3332,0,17841793,99.9940872667861,1055
3333,0,17841793,99.9940872667861,1055
3334,0,17841793,99.9940872667861,1055
3335,0,17841793,99.9940872667861,1055
3336,0,17841793,99.9940872667861,1055
3337,0,17841793,99.9940872667861,1055
3338,0,17841793,99.9940872667861,1055
3339,0,17841793,99.9940872667861,1055
3340,0,17841793,99.9940872667861,1055
3341,0,17841793,99.9940872667861,1055
3342,0,17841793,99.9940872667861,1055
3343,0,17841793,99.9940872667861,1055
3344,0,17841793,99.9940872667861,1055
3345,0,17841793,99.9940872667861,1055
3346,0,17841793,99.9940872667861,1055
3347,0,17841793,99.9940872667861,1055
3348,0,17841793,99.9940872667861,1055
3349,0,17841793,99.9940872667861,1055
3350,0,17841793,99.9940872667861,1055
3351,0,17841793,99.9940872667861,1055
3352,0,17841793,99.9940872667861,1055
3353,0,17841793,99.9940872667861,1055
3354,0,17841793,99.9940872667861,1055
3355,0,17841793,99.9940872667861,1055
3356,0,17841793,99.9940872667861,1055
3357,0,17841793,99.9940872667861,1055
3358,0,17841793,99.9940872667861,1055
3359,0,17841793,99.9940872667861,1055
3360,0,17841793,99.9940872667861,1055
3361,0,17841793,99.9940872667861,1055
3362,0,17841793,99.9940872667861,1055
3363,0,17841793,99.9940872667861,1055
3364,0,17841793,99.9940872667861,1055
3365,0,17841793,99.9940872667861,1055
3366,0,17841793,99.9940872667861,1055
3367,0,17841793,99.9940872667861,1055
3368,0,17841793,99.9940872667861,1055
3369,0,17841793,99.9940872667861,1055
3370,0,17841793,99.9940872667861,1055
3371,0,17841793,99.9940872667861,1055
3372,0,17841793,99.9940872667861,1055
3373,0,17841793,99.9940872667861,1055
3374,0,17841793,99.9940872667861,1055
3375,0,17841793,99.9940872667861,1055
3376,0,17841793,99.9940872667861,1055
3377,0,17841793,99.9940872667861,1055
3378,0,17841793,99.9940872667861,1055
3379,0,17841793,99.9940872667861,1055
3380,0,17841793,99.9940872667861,1055
3381,0,17841793,99.9940872667861,1055
3382,0,17841793,99.9940872667861,1055
3383,0,17841793,99.9940872667861,1055
3384,0,17841793,99.9940872667861,1055
3385,0,17841793,99.9940872667861,1055
3386,0,17841793,99.9940872667861,1055
3387,0,17841793,99.9940872667861,1055
3388,0,17841793,99.9940872667861,1055
3389,0,17841793,99.9940872667861,1055
3390,0,17841793,99.9940872667861,1055
3391,0,17841793,99.9940872667861,1055
3392,0,17841793,99.9940872667861,1055
3393,0,17841793,99.9940872667861,1055
3394,0,17841793,99.9940872667861,1055
3395,0,17841793,99.9940872667861,1055
3396,0,17841793,99.9940872667861,1055
3397,0,17841793,99.9940872667861,1055
3398,0,17841793,99.9940872667861,1055
3399,0,17841793,99.9940872667861,1055
3400,0,17841793,99.9940872667861,1055
3401,0,17841793,99.9940872667861,1055
3402,0,17841793,99.9940872667861,1055
3403,0,17841793,99.9940872667861,1055
3404,0,17841793,99.9940872667861,1055
3405,0,17841793,99.9940872667861,1055
3406,0,17841793,99.9940872667861,1055
3407,0,17841793,99.9940872667861,1055
3408,0,17841793,99.9940872667861,1055
3409,0,17841793,99.9940872667861,1055
3410,0,17841793,99.9940872667861,1055
3411,0,17841793,99.9940872667861,1055
3412,0,17841793,99.9940872667861,1055
3413,0,17841793,99.9940872667861,1055
3414,0,17841793,99.9940872667861,1055
3415,0,17841793,99.9940872667861,1055
3416,0,17841793,99.9940872667861,1055
3417,0,17841793,99.9940872667861,1055
3418,0,17841793,99.9940872667861,1055
3419,0,17841793,99.9940872667861,1055
3420,0,17841793,99.9940872667861,1055
3421,0,17841793,99.9940872667861,1055
3422,0,17841793,99.9940872667861,1055
3423,0,17841793,99.9940872667861,1055
3424,0,17841793,99.9940872667861,1055
3425,0,17841793,99.9940872667861,1055
3426,0,17841793,99.9940872667861,1055
3427,0,17841793,99.9940872667861,1055
3428,0,17841793,99.9940872667861,1055
3429,0,17841793,99.9940872667861,1055
3430,0,17841793,99.9940872667861,1055
3431,0,17841793,99.9940872667861,1055
3432,0,17841793,99.9940872667861,1055
3433,0,17841793,99.9940872667861,1055
3434,0,17841793,99.9940872667861,1055
3435,0,17841793,99.9940872667861,1055
3436,0,17841793,99.9940872667861,1055
3437,0,17841793,99.9940872667861,1055
3438,0,17841793,99.9940872667861,1055
3439,0,17841793,99.9940872667861,1055
3440,0,17841793,99.9940872667861,1055
3441,0,17841793,99.9940872667861,1055
3442,0,17841793,99.9940872667861,1055
3443,0,17841793,99.9940872667861,1055
3444,0,17841793,99.9940872667861,1055
3445,0,17841793,99.9940872667861,1055
3446,0,17841793,99.9940872667861,1055
3447,0,17841793,99.9940872667861,1055
3448,0,17841793,99.9940872667861,1055
3449,0,17841793,99.9940872667861,1055
3450,0,17841793,99.9940872667861,1055
3451,0,17841793,99.9940872667861,1055
3452,0,17841793,99.9940872667861,1055
3453,0,17841793,99.9940872667861,1055
3454,0,17841793,99.9940872667861,1055
3455,0,17841793,99.9940872667861,1055
3456,2,17841795,99.994098475759,1053
3457,0,17841795,99.994098475759,1053
3458,0,17841795,99.994098475759,1053
3459,0,17841795,99.994098475759,1053
3460,0,17841795,99.994098475759,1053
3461,0,17841795,99.994098475759,1053
3462,0,17841795,99.994098475759,1053
3463,0,17841795,99.994098475759,1053
3464,0,17841795,99.994098475759,1053
3465,0,17841795,99.994098475759,1053
3466,0,17841795,99.994098475759,1053
3467,0,17841795,99.994098475759,1053
3468,0,17841795,99.994098475759,1053
3469,0,17841795,99.994098475759,1053
3470,0,17841795,99.994098475759,1053
3471,0,17841795,99.994098475759,1053
3472,0,17841795,99.994098475759,1053
3473,0,17841795,99.994098475759,1053
3474,0,17841795,99.994098475759,1053
3475,0,17841795,99.994098475759,1053
3476,0,17841795,99.994098475759,1053
3477,0,17841795,99.994098475759,1053
3478,0,17841795,99.994098475759,1053
3479,0,17841795,99.994098475759,1053
3480,0,17841795,99.994098475759,1053
3481,0,17841795,99.994098475759,1053
3482,0,17841795,99.994098475759,1053
3483,0,17841795,99.994098475759,1053
3484,0,17841795,99.994098475759,1053
3485,0,17841795,99.994098475759,1053
3486,0,17841795,99.994098475759,1053
3487,0,17841795,99.994098475759,1053
3488,0,17841795,99.994098475759,1053
3489,0,17841795,99.994098475759,1053
3490,0,17841795,99.994098475759,1053
3491,0,17841795,99.994098475759,1053
3492,0,17841795,99.994098475759,1053
3493,0,17841795,99.994098475759,1053
3494,0,17841795,99.994098475759,1053
3495,0,17841795,99.994098475759,1053
3496,0,17841795,99.994098475759,1053
3497,0,17841795,99.994098475759,1053
3498,0,17841795,99.994098475759,1053
3499,0,17841795,99.994098475759,1053
3500,0,17841795,99.994098475759,1053
3501,0,17841795,99.994098475759,1053
3502,0,17841795,99.994098475759,1053
3503,0,17841795,99.994098475759,1053
3504,0,17841795,99.994098475759,1053
3505,0,17841795,99.994098475759,1053
3506,0,17841795,99.994098475759,1053
3507,0,17841795,99.994098475759,1053
3508,0,17841795,99.994098475759,1053
3509,0,17841795,99.994098475759,1053
3510,0,17841795,99.994098475759,1053
3511,0,17841795,99.994098475759,1053
3512,0,17841795,99.994098475759,1053
3513,0,17841795,99.994098475759,1053
3514,0,17841795,99.994098475759,1053
3515,0,17841795,99.994098475759,1053
3516,0,17841795,99.994098475759,1053
3517,0,17841795,99.994098475759,1053
3518,0,17841795,99.994098475759,1053
3519,0,17841795,99.994098475759,1053
3520,0,17841795,99.994098475759,1053
3521,0,17841795,99.994098475759,1053
3522,0,17841795,99.994098475759,1053
3523,0,17841795,99.994098475759,1053
3524,0,17841795,99.994098475759,1053
3525,0,17841795,99.994098475759,1053
3526,0,17841795,99.994098475759,1053
3527,0,17841795,99.994098475759,1053
3528,47,17841842,99.9943618866226,1006
3529,0,17841842,99.9943618866226,1006
3530,0,17841842,99.9943618866226,1006
3531,0,17841842,99.9943618866226,1006
3532,0,17841842,99.9943618866226,1006
3533,0,17841842,99.9943618866226,1006
3534,0,17841842,99.9943618866226,1006
3535,0,17841842,99.9943618866226,1006
3536,0,17841842,99.9943618866226,1006
3537,0,17841842,99.9943618866226,1006
3538,0,17841842,99.9943618866226,1006
3539,0,17841842,99.9943618866226,1006
3540,0,17841842,99.9943618866226,1006
3541,0,17841842,99.9943618866226,1006
3542,0,17841842,99.9943618866226,1006
3543,0,17841842,99.9943618866226,1006
3544,0,17841842,99.9943618866226,1006
3545,0,17841842,99.9943618866226,1006
3546,0,17841842,99.9943618866226,1006
3547,0,17841842,99.9943618866226,1006
3548,0,17841842,99.9943618866226,1006
3549,0,17841842,99.9943618866226,1006
3550,0,17841842,99.9943618866226,1006
3551,0,17841842,99.9943618866226,1006
3552,0,17841842,99.9943618866226,1006
3553,0,17841842,99.9943618866226,1006
3554,0,17841842,99.9943618866226,1006
3555,0,17841842,99.9943618866226,1006
3556,0,17841842,99.9943618866226,1006
3557,0,17841842,99.9943618866226,1006
3558,0,17841842,99.9943618866226,1006
3559,0,17841842,99.9943618866226,1006
3560,1,17841843,99.994367491109,1005
3561,0,17841843,99.994367491109,1005
3562,0,17841843,99.994367491109,1005
3563,0,17841843,99.994367491109,1005
3564,0,17841843,99.994367491109,1005
3565,0,17841843,99.994367491109,1005
3566,0,17841843,99.994367491109,1005
3567,0,17841843,99.994367491109,1005
3568,0,17841843,99.994367491109,1005
3569,0,17841843,99.994367491109,1005
3570,0,17841843,99.994367491109,1005
3571,0,17841843,99.994367491109,1005
3572,0,17841843,99.994367491109,1005
3573,0,17841843,99.994367491109,1005
3574,0,17841843,99.994367491109,1005
3575,0,17841843,99.994367491109,1005
3576,0,17841843,99.994367491109,1005
3577,0,17841843,99.994367491109,1005
3578,0,17841843,99.994367491109,1005
3579,0,17841843,99.994367491109,1005
3580,0,17841843,99.994367491109,1005
3581,0,17841843,99.994367491109,1005
3582,0,17841843,99.994367491109,1005
3583,0,17841843,99.994367491109,1005
3584,0,17841843,99.994367491109,1005
3585,0,17841843,99.994367491109,1005
3586,0,17841843,99.994367491109,1005
3587,0,17841843,99.994367491109,1005
3588,0,17841843,99.994367491109,1005
3589,0,17841843,99.994367491109,1005
3590,0,17841843,99.994367491109,1005
3591,0,17841843,99.994367491109,1005
3592,0,17841843,99.994367491109,1005
3593,0,17841843,99.994367491109,1005
3594,0,17841843,99.994367491109,1005
3595,0,17841843,99.994367491109,1005
3596,0,17841843,99.994367491109,1005
3597,0,17841843,99.994367491109,1005
3598,0,17841843,99.994367491109,1005
3599,0,17841843,99.994367491109,1005
3600,0,17841843,99.994367491109,1005
3601,0,17841843,99.994367491109,1005
3602,0,17841843,99.994367491109,1005
3603,0,17841843,99.994367491109,1005
3604,0,17841843,99.994367491109,1005
3605,0,17841843,99.994367491109,1005
3606,0,17841843,99.994367491109,1005
3607,0,17841843,99.994367491109,1005
3608,0,17841843,99.994367491109,1005
3609,0,17841843,99.994367491109,1005
3610,0,17841843,99.994367491109,1005
3611,0,17841843,99.994367491109,1005
3612,0,17841843,99.994367491109,1005
3613,0,17841843,99.994367491109,1005
3614,0,17841843,99.994367491109,1005
3615,0,17841843,99.994367491109,1005
3616,0,17841843,99.994367491109,1005
3617,0,17841843,99.994367491109,1005
3618,0,17841843,99.994367491109,1005
3619,0,17841843,99.994367491109,1005
3620,0,17841843,99.994367491109,1005
3621,0,17841843,99.994367491109,1005
3622,0,17841843,99.994367491109,1005
3623,0,17841843,99.994367491109,1005
3624,0,17841843,99.994367491109,1005
3625,0,17841843,99.994367491109,1005
3626,0,17841843,99.994367491109,1005
3627,0,17841843,99.994367491109,1005
3628,0,17841843,99.994367491109,1005
3629,0,17841843,99.994367491109,1005
3630,0,17841843,99.994367491109,1005
3631,0,17841843,99.994367491109,1005
3632,0,17841843,99.994367491109,1005
3633,0,17841843,99.994367491109,1005
3634,0,17841843,99.994367491109,1005
3635,0,17841843,99.994367491109,1005
3636,0,17841843,99.994367491109,1005
3637,0,17841843,99.994367491109,1005
3638,0,17841843,99.994367491109,1005
3639,0,17841843,99.994367491109,1005
3640,0,17841843,99.994367491109,1005
3641,0,17841843,99.994367491109,1005
3642,0,17841843,99.994367491109,1005
3643,0,17841843,99.994367491109,1005
3644,0,17841843,99.994367491109,1005
3645,0,17841843,99.994367491109,1005
3646,0,17841843,99.994367491109,1005
3647,0,17841843,99.994367491109,1005
3648,0,17841843,99.994367491109,1005
3649,0,17841843,99.994367491109,1005
3650,0,17841843,99.994367491109,1005
3651,0,17841843,99.994367491109,1005
3652,0,17841843,99.994367491109,1005
3653,0,17841843,99.994367491109,1005
3654,0,17841843,99.994367491109,1005
3655,0,17841843,99.994367491109,1005
3656,0,17841843,99.994367491109,1005
3657,0,17841843,99.994367491109,1005
3658,0,17841843,99.994367491109,1005
3659,0,17841843,99.994367491109,1005
3660,0,17841843,99.994367491109,1005
3661,0,17841843,99.994367491109,1005
3662,0,17841843,99.994367491109,1005
3663,0,17841843,99.994367491109,1005
3664,0,17841843,99.994367491109,1005
3665,0,17841843,99.994367491109,1005
3666,0,17841843,99.994367491109,1005
3667,0,17841843,99.994367491109,1005
3668,0,17841843,99.994367491109,1005
3669,0,17841843,99.994367491109,1005
3670,0,17841843,99.994367491109,1005
3671,0,17841843,99.994367491109,1005
3672,0,17841843,99.994367491109,1005
3673,0,17841843,99.994367491109,1005
3674,0,17841843,99.994367491109,1005
3675,0,17841843,99.994367491109,1005
3676,0,17841843,99.994367491109,1005
3677,0,17841843,99.994367491109,1005
3678,0,17841843,99.994367491109,1005
3679,0,17841843,99.994367491109,1005
3680,0,17841843,99.994367491109,1005
3681,0,17841843,99.994367491109,1005
3682,0,17841843,99.994367491109,1005
3683,0,17841843,99.994367491109,1005
3684,0,17841843,99.994367491109,1005
3685,0,17841843,99.994367491109,1005
3686,0,17841843,99.994367491109,1005
3687,0,17841843,99.994367491109,1005
3688,0,17841843,99.994367491109,1005
3689,0,17841843,99.994367491109,1005
3690,0,17841843,99.994367491109,1005
3691,0,17841843,99.994367491109,1005
3692,0,17841843,99.994367491109,1005
3693,0,17841843,99.994367491109,1005
3694,0,17841843,99.994367491109,1005
3695,0,17841843,99.994367491109,1005
3696,0,17841843,99.994367491109,1005
3697,0,17841843,99.994367491109,1005
3698,0,17841843,99.994367491109,1005
3699,0,17841843,99.994367491109,1005
3700,0,17841843,99.994367491109,1005
3701,0,17841843,99.994367491109,1005
3702,0,17841843,99.994367491109,1005
3703,0,17841843,99.994367491109,1005
3704,0,17841843,99.994367491109,1005
3705,0,17841843,99.994367491109,1005
3706,0,17841843,99.994367491109,1005
3707,0,17841843,99.994367491109,1005
3708,0,17841843,99.994367491109,1005
3709,0,17841843,99.994367491109,1005
3710,0,17841843,99.994367491109,1005
3711,0,17841843,99.994367491109,1005
3712,0,17841843,99.994367491109,1005
3713,0,17841843,99.994367491109,1005
3714,0,17841843,99.994367491109,1005
3715,0,17841843,99.994367491109,1005
3716,0,17841843,99.994367491109,1005
3717,0,17841843,99.994367491109,1005
3718,0,17841843,99.994367491109,1005
3719,0,17841843,99.994367491109,1005
3720,0,17841843,99.994367491109,1005
3721,0,17841843,99.994367491109,1005
3722,0,17841843,99.994367491109,1005
3723,0,17841843,99.994367491109,1005
3724,0,17841843,99.994367491109,1005
3725,0,17841843,99.994367491109,1005
3726,0,17841843,99.994367491109,1005
3727,0,17841843,99.994367491109,1005
3728,0,17841843,99.994367491109,1005
3729,0,17841843,99.994367491109,1005
3730,0,17841843,99.994367491109,1005
3731,0,17841843,99.994367491109,1005
3732,0,17841843,99.994367491109,1005
3733,0,17841843,99.994367491109,1005
3734,0,17841843,99.994367491109,1005
3735,0,17841843,99.994367491109,1005
3736,0,17841843,99.994367491109,1005
3737,0,17841843,99.994367491109,1005
3738,0,17841843,99.994367491109,1005
3739,0,17841843,99.994367491109,1005
3740,0,17841843,99.994367491109,1005
3741,0,17841843,99.994367491109,1005
3742,0,17841843,99.994367491109,1005
3743,0,17841843,99.994367491109,1005
3744,0,17841843,99.994367491109,1005
3745,0,17841843,99.994367491109,1005
3746,0,17841843,99.994367491109,1005
3747,0,17841843,99.994367491109,1005
3748,0,17841843,99.994367491109,1005
3749,0,17841843,99.994367491109,1005
3750,0,17841843,99.994367491109,1005
3751,0,17841843,99.994367491109,1005
3752,0,17841843,99.994367491109,1005
3753,0,17841843,99.994367491109,1005
3754,0,17841843,99.994367491109,1005
3755,0,17841843,99.994367491109,1005
3756,0,17841843,99.994367491109,1005
3757,0,17841843,99.994367491109,1005
3758,0,17841843,99.994367491109,1005
3759,0,17841843,99.994367491109,1005
3760,0,17841843,99.994367491109,1005
3761,0,17841843,99.994367491109,1005
3762,0,17841843,99.994367491109,1005
3763,0,17841843,99.994367491109,1005
3764,0,17841843,99.994367491109,1005
3765,0,17841843,99.994367491109,1005
3766,0,17841843,99.994367491109,1005
3767,0,17841843,99.994367491109,1005
3768,0,17841843,99.994367491109,1005
3769,0,17841843,99.994367491109,1005
3770,0,17841843,99.994367491109,1005
3771,0,17841843,99.994367491109,1005
3772,0,17841843,99.994367491109,1005
3773,0,17841843,99.994367491109,1005
3774,0,17841843,99.994367491109,1005
3775,0,17841843,99.994367491109,1005
3776,0,17841843,99.994367491109,1005
3777,0,17841843,99.994367491109,1005
3778,0,17841843,99.994367491109,1005
3779,0,17841843,99.994367491109,1005
3780,0,17841843,99.994367491109,1005
3781,0,17841843,99.994367491109,1005
3782,0,17841843,99.994367491109,1005
3783,0,17841843,99.994367491109,1005
3784,0,17841843,99.994367491109,1005
3785,0,17841843,99.994367491109,1005
3786,0,17841843,99.994367491109,1005
3787,0,17841843,99.994367491109,1005
3788,0,17841843,99.994367491109,1005
3789,0,17841843,99.994367491109,1005
3790,0,17841843,99.994367491109,1005
3791,0,17841843,99.994367491109,1005
3792,0,17841843,99.994367491109,1005
3793,0,17841843,99.994367491109,1005
3794,0,17841843,99.994367491109,1005
3795,0,17841843,99.994367491109,1005
3796,0,17841843,99.994367491109,1005
3797,0,17841843,99.994367491109,1005
3798,0,17841843,99.994367491109,1005
3799,0,17841843,99.994367491109,1005
3800,0,17841843,99.994367491109,1005
3801,0,17841843,99.994367491109,1005
3802,0,17841843,99.994367491109,1005
3803,0,17841843,99.994367491109,1005
3804,0,17841843,99.994367491109,1005
3805,0,17841843,99.994367491109,1005
3806,0,17841843,99.994367491109,1005
3807,0,17841843,99.994367491109,1005
3808,0,17841843,99.994367491109,1005
3809,0,17841843,99.994367491109,1005
3810,0,17841843,99.994367491109,1005
3811,0,17841843,99.994367491109,1005
3812,0,17841843,99.994367491109,1005
3813,0,17841843,99.994367491109,1005
3814,0,17841843,99.994367491109,1005
3815,0,17841843,99.994367491109,1005
3816,0,17841843,99.994367491109,1005
3817,0,17841843,99.994367491109,1005
3818,0,17841843,99.994367491109,1005
3819,0,17841843,99.994367491109,1005
3820,0,17841843,99.994367491109,1005
3821,0,17841843,99.994367491109,1005
3822,0,17841843,99.994367491109,1005
3823,0,17841843,99.994367491109,1005
3824,0,17841843,99.994367491109,1005
3825,0,17841843,99.994367491109,1005
3826,0,17841843,99.994367491109,1005
3827,0,17841843,99.994367491109,1005
3828,0,17841843,99.994367491109,1005
3829,0,17841843,99.994367491109,1005
3830,0,17841843,99.994367491109,1005
3831,0,17841843,99.994367491109,1005
3832,0,17841843,99.994367491109,1005
3833,0,17841843,99.994367491109,1005
3834,0,17841843,99.994367491109,1005
3835,0,17841843,99.994367491109,1005
3836,0,17841843,99.994367491109,1005
3837,0,17841843,99.994367491109,1005
3838,0,17841843,99.994367491109,1005
3839,0,17841843,99.994367491109,1005
3840,0,17841843,99.994367491109,1005
3841,0,17841843,99.994367491109,1005
3842,0,17841843,99.994367491109,1005
3843,0,17841843,99.994367491109,1005
3844,0,17841843,99.994367491109,1005
3845,0,17841843,99.994367491109,1005
3846,0,17841843,99.994367491109,1005
3847,0,17841843,99.994367491109,1005
3848,0,17841843,99.994367491109,1005
3849,0,17841843,99.994367491109,1005
3850,0,17841843,99.994367491109,1005
3851,0,17841843,99.994367491109,1005
3852,0,17841843,99.994367491109,1005
3853,0,17841843,99.994367491109,1005
3854,0,17841843,99.994367491109,1005
3855,0,17841843,99.994367491109,1005
3856,0,17841843,99.994367491109,1005
3857,0,17841843,99.994367491109,1005
3858,0,17841843,99.994367491109,1005
3859,0,17841843,99.994367491109,1005
3860,0,17841843,99.994367491109,1005
3861,0,17841843,99.994367491109,1005
3862,0,17841843,99.994367491109,1005
3863,0,17841843,99.994367491109,1005
3864,0,17841843,99.994367491109,1005
3865,0,17841843,99.994367491109,1005
3866,0,17841843,99.994367491109,1005
3867,0,17841843,99.994367491109,1005
3868,0,17841843,99.994367491109,1005
3869,0,17841843,99.994367491109,1005
3870,0,17841843,99.994367491109,1005
3871,0,17841843,99.994367491109,1005
3872,0,17841843,99.994367491109,1005
3873,0,17841843,99.994367491109,1005
3874,0,17841843,99.994367491109,1005
3875,0,17841843,99.994367491109,1005
3876,0,17841843,99.994367491109,1005
3877,0,17841843,99.994367491109,1005
3878,0,17841843,99.994367491109,1005
3879,0,17841843,99.994367491109,1005
3880,0,17841843,99.994367491109,1005
3881,0,17841843,99.994367491109,1005
3882,0,17841843,99.994367491109,1005
3883,0,17841843,99.994367491109,1005
3884,0,17841843,99.994367491109,1005
3885,0,17841843,99.994367491109,1005
3886,0,17841843,99.994367491109,1005
3887,0,17841843,99.994367491109,1005
3888,0,17841843,99.994367491109,1005
3889,0,17841843,99.994367491109,1005
3890,0,17841843,99.994367491109,1005
3891,0,17841843,99.994367491109,1005
3892,0,17841843,99.994367491109,1005
3893,0,17841843,99.994367491109,1005
3894,0,17841843,99.994367491109,1005
3895,0,17841843,99.994367491109,1005
3896,0,17841843,99.994367491109,1005
3897,0,17841843,99.994367491109,1005
3898,0,17841843,99.994367491109,1005
3899,0,17841843,99.994367491109,1005
3900,0,17841843,99.994367491109,1005
3901,0,17841843,99.994367491109,1005
3902,0,17841843,99.994367491109,1005
3903,0,17841843,99.994367491109,1005
3904,0,17841843,99.994367491109,1005
3905,0,17841843,99.994367491109,1005
3906,0,17841843,99.994367491109,1005
3907,0,17841843,99.994367491109,1005
3908,0,17841843,99.994367491109,1005
3909,0,17841843,99.994367491109,1005
3910,0,17841843,99.994367491109,1005
3911,0,17841843,99.994367491109,1005
3912,0,17841843,99.994367491109,1005
3913,0,17841843,99.994367491109,1005
3914,0,17841843,99.994367491109,1005
3915,0,17841843,99.994367491109,1005
3916,0,17841843,99.994367491109,1005
3917,0,17841843,99.994367491109,1005
3918,0,17841843,99.994367491109,1005
3919,0,17841843,99.994367491109,1005
3920,0,17841843,99.994367491109,1005
3921,0,17841843,99.994367491109,1005
3922,0,17841843,99.994367491109,1005
3923,0,17841843,99.994367491109,1005
3924,0,17841843,99.994367491109,1005
3925,0,17841843,99.994367491109,1005
3926,0,17841843,99.994367491109,1005
3927,0,17841843,99.994367491109,1005
3928,0,17841843,99.994367491109,1005
3929,0,17841843,99.994367491109,1005
3930,0,17841843,99.994367491109,1005
3931,0,17841843,99.994367491109,1005
3932,0,17841843,99.994367491109,1005
3933,0,17841843,99.994367491109,1005
3934,0,17841843,99.994367491109,1005
3935,0,17841843,99.994367491109,1005
3936,0,17841843,99.994367491109,1005
3937,0,17841843,99.994367491109,1005
3938,0,17841843,99.994367491109,1005
3939,0,17841843,99.994367491109,1005
3940,0,17841843,99.994367491109,1005
3941,0,17841843,99.994367491109,1005
3942,0,17841843,99.994367491109,1005
3943,0,17841843,99.994367491109,1005
3944,0,17841843,99.994367491109,1005
3945,0,17841843,99.994367491109,1005
3946,0,17841843,99.994367491109,1005
3947,0,17841843,99.994367491109,1005
3948,0,17841843,99.994367491109,1005
3949,0,17841843,99.994367491109,1005
3950,0,17841843,99.994367491109,1005
3951,0,17841843,99.994367491109,1005
3952,0,17841843,99.994367491109,1005
3953,0,17841843,99.994367491109,1005
3954,0,17841843,99.994367491109,1005
3955,0,17841843,99.994367491109,1005
3956,0,17841843,99.994367491109,1005
3957,0,17841843,99.994367491109,1005
3958,0,17841843,99.994367491109,1005
3959,0,17841843,99.994367491109,1005
3960,0,17841843,99.994367491109,1005
3961,0,17841843,99.994367491109,1005
3962,0,17841843,99.994367491109,1005
3963,0,17841843,99.994367491109,1005
3964,0,17841843,99.994367491109,1005
3965,0,17841843,99.994367491109,1005
3966,0,17841843,99.994367491109,1005
3967,0,17841843,99.994367491109,1005
3968,0,17841843,99.994367491109,1005
3969,0,17841843,99.994367491109,1005
3970,0,17841843,99.994367491109,1005
3971,0,17841843,99.994367491109,1005
3972,0,17841843,99.994367491109,1005
3973,0,17841843,99.994367491109,1005
3974,0,17841843,99.994367491109,1005
3975,0,17841843,99.994367491109,1005
3976,0,17841843,99.994367491109,1005
3977,0,17841843,99.994367491109,1005
3978,0,17841843,99.994367491109,1005
3979,0,17841843,99.994367491109,1005
3980,0,17841843,99.994367491109,1005
3981,0,17841843,99.994367491109,1005
3982,0,17841843,99.994367491109,1005
3983,0,17841843,99.994367491109,1005
3984,0,17841843,99.994367491109,1005
3985,0,17841843,99.994367491109,1005
3986,0,17841843,99.994367491109,1005
3987,0,17841843,99.994367491109,1005
3988,0,17841843,99.994367491109,1005
3989,0,17841843,99.994367491109,1005
3990,0,17841843,99.994367491109,1005
3991,0,17841843,99.994367491109,1005
3992,0,17841843,99.994367491109,1005
3993,0,17841843,99.994367491109,1005
3994,0,17841843,99.994367491109,1005
3995,0,17841843,99.994367491109,1005
3996,0,17841843,99.994367491109,1005
3997,0,17841843,99.994367491109,1005
3998,0,17841843,99.994367491109,1005
3999,0,17841843,99.994367491109,1005
4000,0,17841843,99.994367491109,1005
4001,0,17841843,99.994367491109,1005
4002,0,17841843,99.994367491109,1005
4003,0,17841843,99.994367491109,1005
4004,0,17841843,99.994367491109,1005
4005,0,17841843,99.994367491109,1005
4006,0,17841843,99.994367491109,1005
4007,0,17841843,99.994367491109,1005
4008,0,17841843,99.994367491109,1005
4009,0,17841843,99.994367491109,1005
4010,0,17841843,99.994367491109,1005
4011,0,17841843,99.994367491109,1005
4012,0,17841843,99.994367491109,1005
4013,0,17841843,99.994367491109,1005
4014,0,17841843,99.994367491109,1005
4015,0,17841843,99.994367491109,1005
4016,0,17841843,99.994367491109,1005
4017,0,17841843,99.994367491109,1005
4018,0,17841843,99.994367491109,1005
4019,0,17841843,99.994367491109,1005
4020,0,17841843,99.994367491109,1005
4021,0,17841843,99.994367491109,1005
4022,0,17841843,99.994367491109,1005
4023,0,17841843,99.994367491109,1005
4024,0,17841843,99.994367491109,1005
4025,0,17841843,99.994367491109,1005
4026,0,17841843,99.994367491109,1005
4027,0,17841843,99.994367491109,1005
4028,0,17841843,99.994367491109,1005
4029,0,17841843,99.994367491109,1005
4030,0,17841843,99.994367491109,1005
4031,0,17841843,99.994367491109,1005
4032,1,17841844,99.9943730955955,1004
4033,0,17841844,99.9943730955955,1004
4034,0,17841844,99.9943730955955,1004
4035,0,17841844,99.9943730955955,1004
4036,0,17841844,99.9943730955955,1004
4037,0,17841844,99.9943730955955,1004
4038,0,17841844,99.9943730955955,1004
4039,2,17841846,99.9943843045684,1002
4040,0,17841846,99.9943843045684,1002
4041,0,17841846,99.9943843045684,1002
4042,0,17841846,99.9943843045684,1002
4043,0,17841846,99.9943843045684,1002
4044,0,17841846,99.9943843045684,1002
4045,0,17841846,99.9943843045684,1002
4046,0,17841846,99.9943843045684,1002
4047,0,17841846,99.9943843045684,1002
4048,0,17841846,99.9943843045684,1002
4049,0,17841846,99.9943843045684,1002
4050,1,17841847,99.9943899090549,1001
4051,0,17841847,99.9943899090549,1001
4052,0,17841847,99.9943899090549,1001
4053,0,17841847,99.9943899090549,1001
4054,0,17841847,99.9943899090549,1001
4055,0,17841847,99.9943899090549,1001
4056,0,17841847,99.9943899090549,1001
4057,0,17841847,99.9943899090549,1001
4058,0,17841847,99.9943899090549,1001
4059,0,17841847,99.9943899090549,1001
4060,0,17841847,99.9943899090549,1001
4061,0,17841847,99.9943899090549,1001
4062,0,17841847,99.9943899090549,1001
4063,0,17841847,99.9943899090549,1001
4064,0,17841847,99.9943899090549,1001
4065,0,17841847,99.9943899090549,1001
4066,0,17841847,99.9943899090549,1001
4067,0,17841847,99.9943899090549,1001
4068,0,17841847,99.9943899090549,1001
4069,0,17841847,99.9943899090549,1001
4070,0,17841847,99.9943899090549,1001
4071,0,17841847,99.9943899090549,1001
4072,0,17841847,99.9943899090549,1001
4073,0,17841847,99.9943899090549,1001
4074,0,17841847,99.9943899090549,1001
4075,0,17841847,99.9943899090549,1001
4076,0,17841847,99.9943899090549,1001
4077,0,17841847,99.9943899090549,1001
4078,0,17841847,99.9943899090549,1001
4079,0,17841847,99.9943899090549,1001
4080,0,17841847,99.9943899090549,1001
4081,0,17841847,99.9943899090549,1001
4082,0,17841847,99.9943899090549,1001
4083,0,17841847,99.9943899090549,1001
4084,0,17841847,99.9943899090549,1001
4085,0,17841847,99.9943899090549,1001
4086,0,17841847,99.9943899090549,1001
4087,0,17841847,99.9943899090549,1001
4088,0,17841847,99.9943899090549,1001
4089,0,17841847,99.9943899090549,1001
4090,0,17841847,99.9943899090549,1001
4091,0,17841847,99.9943899090549,1001
4092,0,17841847,99.9943899090549,1001
4093,0,17841847,99.9943899090549,1001
4094,0,17841847,99.9943899090549,1001
4095,0,17841847,99.9943899090549,1001
4096,1,17841848,99.9943955135413,1000
4097,0,17841848,99.9943955135413,1000
4098,0,17841848,99.9943955135413,1000
4099,0,17841848,99.9943955135413,1000
4100,0,17841848,99.9943955135413,1000
4101,0,17841848,99.9943955135413,1000
4102,0,17841848,99.9943955135413,1000
4103,0,17841848,99.9943955135413,1000
4104,0,17841848,99.9943955135413,1000
4105,0,17841848,99.9943955135413,1000
4106,0,17841848,99.9943955135413,1000
4107,0,17841848,99.9943955135413,1000
4108,0,17841848,99.9943955135413,1000
4109,0,17841848,99.9943955135413,1000
4110,0,17841848,99.9943955135413,1000
4111,0,17841848,99.9943955135413,1000
4112,0,17841848,99.9943955135413,1000
4113,0,17841848,99.9943955135413,1000
4114,0,17841848,99.9943955135413,1000
4115,0,17841848,99.9943955135413,1000
4116,1,17841849,99.9944011180278,999
4117,0,17841849,99.9944011180278,999
4118,0,17841849,99.9944011180278,999
4119,0,17841849,99.9944011180278,999
4120,0,17841849,99.9944011180278,999
4121,0,17841849,99.9944011180278,999
4122,0,17841849,99.9944011180278,999
4123,0,17841849,99.9944011180278,999
4124,0,17841849,99.9944011180278,999
4125,0,17841849,99.9944011180278,999
4126,0,17841849,99.9944011180278,999
4127,0,17841849,99.9944011180278,999
4128,0,17841849,99.9944011180278,999
4129,0,17841849,99.9944011180278,999
4130,0,17841849,99.9944011180278,999
4131,0,17841849,99.9944011180278,999
4132,0,17841849,99.9944011180278,999
4133,0,17841849,99.9944011180278,999
4134,0,17841849,99.9944011180278,999
4135,0,17841849,99.9944011180278,999
4136,0,17841849,99.9944011180278,999
4137,0,17841849,99.9944011180278,999
4138,0,17841849,99.9944011180278,999
4139,0,17841849,99.9944011180278,999
4140,0,17841849,99.9944011180278,999
4141,0,17841849,99.9944011180278,999
4142,0,17841849,99.9944011180278,999
4143,0,17841849,99.9944011180278,999
4144,0,17841849,99.9944011180278,999
4145,0,17841849,99.9944011180278,999
4146,0,17841849,99.9944011180278,999
4147,0,17841849,99.9944011180278,999
4148,0,17841849,99.9944011180278,999
4149,0,17841849,99.9944011180278,999
4150,0,17841849,99.9944011180278,999
4151,0,17841849,99.9944011180278,999
4152,0,17841849,99.9944011180278,999
4153,0,17841849,99.9944011180278,999
4154,0,17841849,99.9944011180278,999
4155,0,17841849,99.9944011180278,999
4156,0,17841849,99.9944011180278,999
4157,0,17841849,99.9944011180278,999
4158,0,17841849,99.9944011180278,999
4159,0,17841849,99.9944011180278,999
4160,0,17841849,99.9944011180278,999
4161,0,17841849,99.9944011180278,999
4162,0,17841849,99.9944011180278,999
4163,0,17841849,99.9944011180278,999
4164,0,17841849,99.9944011180278,999
4165,0,17841849,99.9944011180278,999
4166,0,17841849,99.9944011180278,999
4167,0,17841849,99.9944011180278,999
4168,0,17841849,99.9944011180278,999
4169,0,17841849,99.9944011180278,999
4170,0,17841849,99.9944011180278,999
4171,0,17841849,99.9944011180278,999
4172,0,17841849,99.9944011180278,999
4173,0,17841849,99.9944011180278,999
4174,0,17841849,99.9944011180278,999
4175,0,17841849,99.9944011180278,999
4176,0,17841849,99.9944011180278,999
4177,0,17841849,99.9944011180278,999
4178,0,17841849,99.9944011180278,999
4179,0,17841849,99.9944011180278,999
4180,0,17841849,99.9944011180278,999
4181,0,17841849,99.9944011180278,999
4182,0,17841849,99.9944011180278,999
4183,0,17841849,99.9944011180278,999
4184,0,17841849,99.9944011180278,999
4185,0,17841849,99.9944011180278,999
4186,0,17841849,99.9944011180278,999
4187,0,17841849,99.9944011180278,999
4188,0,17841849,99.9944011180278,999
4189,0,17841849,99.9944011180278,999
4190,0,17841849,99.9944011180278,999
4191,0,17841849,99.9944011180278,999
4192,0,17841849,99.9944011180278,999
4193,0,17841849,99.9944011180278,999
4194,0,17841849,99.9944011180278,999
4195,0,17841849,99.9944011180278,999
4196,0,17841849,99.9944011180278,999
4197,0,17841849,99.9944011180278,999
4198,0,17841849,99.9944011180278,999
4199,0,17841849,99.9944011180278,999
4200,0,17841849,99.9944011180278,999
4201,0,17841849,99.9944011180278,999
4202,0,17841849,99.9944011180278,999
4203,0,17841849,99.9944011180278,999
4204,6,17841855,99.9944347449465,993
4205,0,17841855,99.9944347449465,993
4206,0,17841855,99.9944347449465,993
4207,0,17841855,99.9944347449465,993
4208,0,17841855,99.9944347449465,993
4209,0,17841855,99.9944347449465,993
4210,0,17841855,99.9944347449465,993
4211,0,17841855,99.9944347449465,993
4212,0,17841855,99.9944347449465,993
4213,0,17841855,99.9944347449465,993
4214,0,17841855,99.9944347449465,993
4215,0,17841855,99.9944347449465,993
4216,0,17841855,99.9944347449465,993
4217,0,17841855,99.9944347449465,993
4218,0,17841855,99.9944347449465,993
4219,0,17841855,99.9944347449465,993
4220,0,17841855,99.9944347449465,993
4221,0,17841855,99.9944347449465,993
4222,0,17841855,99.9944347449465,993
4223,0,17841855,99.9944347449465,993
4224,0,17841855,99.9944347449465,993
4225,0,17841855,99.9944347449465,993
4226,0,17841855,99.9944347449465,993
4227,0,17841855,99.9944347449465,993
4228,0,17841855,99.9944347449465,993
4229,0,17841855,99.9944347449465,993
4230,0,17841855,99.9944347449465,993
4231,0,17841855,99.9944347449465,993
4232,0,17841855,99.9944347449465,993
4233,0,17841855,99.9944347449465,993
4234,0,17841855,99.9944347449465,993
4235,0,17841855,99.9944347449465,993
4236,0,17841855,99.9944347449465,993
4237,0,17841855,99.9944347449465,993
4238,0,17841855,99.9944347449465,993
4239,0,17841855,99.9944347449465,993
4240,0,17841855,99.9944347449465,993
4241,0,17841855,99.9944347449465,993
4242,0,17841855,99.9944347449465,993
4243,0,17841855,99.9944347449465,993
4244,0,17841855,99.9944347449465,993
4245,0,17841855,99.9944347449465,993
4246,0,17841855,99.9944347449465,993
4247,0,17841855,99.9944347449465,993
4248,0,17841855,99.9944347449465,993
4249,0,17841855,99.9944347449465,993
4250,0,17841855,99.9944347449465,993
4251,0,17841855,99.9944347449465,993
4252,0,17841855,99.9944347449465,993
4253,0,17841855,99.9944347449465,993
4254,0,17841855,99.9944347449465,993
4255,0,17841855,99.9944347449465,993
4256,0,17841855,99.9944347449465,993
4257,0,17841855,99.9944347449465,993
4258,0,17841855,99.9944347449465,993
4259,0,17841855,99.9944347449465,993
4260,0,17841855,99.9944347449465,993
4261,0,17841855,99.9944347449465,993
4262,0,17841855,99.9944347449465,993
4263,0,17841855,99.9944347449465,993
4264,0,17841855,99.9944347449465,993
4265,0,17841855,99.9944347449465,993
4266,0,17841855,99.9944347449465,993
4267,0,17841855,99.9944347449465,993
4268,0,17841855,99.9944347449465,993
4269,0,17841855,99.9944347449465,993
4270,0,17841855,99.9944347449465,993
4271,0,17841855,99.9944347449465,993
4272,0,17841855,99.9944347449465,993
4273,0,17841855,99.9944347449465,993
4274,0,17841855,99.9944347449465,993
4275,0,17841855,99.9944347449465,993
4276,0,17841855,99.9944347449465,993
4277,0,17841855,99.9944347449465,993
4278,0,17841855,99.9944347449465,993
4279,0,17841855,99.9944347449465,993
4280,0,17841855,99.9944347449465,993
4281,0,17841855,99.9944347449465,993
4282,0,17841855,99.9944347449465,993
4283,0,17841855,99.9944347449465,993
4284,0,17841855,99.9944347449465,993
4285,0,17841855,99.9944347449465,993
4286,0,17841855,99.9944347449465,993
4287,0,17841855,99.9944347449465,993
4288,0,17841855,99.9944347449465,993
4289,0,17841855,99.9944347449465,993
4290,0,17841855,99.9944347449465,993
4291,0,17841855,99.9944347449465,993
4292,0,17841855,99.9944347449465,993
4293,0,17841855,99.9944347449465,993
4294,0,17841855,99.9944347449465,993
4295,0,17841855,99.9944347449465,993
4296,0,17841855,99.9944347449465,993
4297,0,17841855,99.9944347449465,993
4298,0,17841855,99.9944347449465,993
4299,0,17841855,99.9944347449465,993
4300,0,17841855,99.9944347449465,993
4301,0,17841855,99.9944347449465,993
4302,0,17841855,99.9944347449465,993
4303,0,17841855,99.9944347449465,993
4304,0,17841855,99.9944347449465,993
4305,0,17841855,99.9944347449465,993
4306,0,17841855,99.9944347449465,993
4307,0,17841855,99.9944347449465,993
4308,0,17841855,99.9944347449465,993
4309,0,17841855,99.9944347449465,993
4310,0,17841855,99.9944347449465,993
4311,0,17841855,99.9944347449465,993
4312,0,17841855,99.9944347449465,993
4313,0,17841855,99.9944347449465,993
4314,0,17841855,99.9944347449465,993
4315,0,17841855,99.9944347449465,993
4316,0,17841855,99.9944347449465,993
4317,0,17841855,99.9944347449465,993
4318,0,17841855,99.9944347449465,993
4319,0,17841855,99.9944347449465,993
4320,0,17841855,99.9944347449465,993
4321,0,17841855,99.9944347449465,993
4322,0,17841855,99.9944347449465,993
4323,0,17841855,99.9944347449465,993
4324,0,17841855,99.9944347449465,993
4325,0,17841855,99.9944347449465,993
4326,0,17841855,99.9944347449465,993
4327,0,17841855,99.9944347449465,993
4328,0,17841855,99.9944347449465,993
4329,0,17841855,99.9944347449465,993
4330,1,17841856,99.994440349433,992
4331,0,17841856,99.994440349433,992
4332,0,17841856,99.994440349433,992
4333,0,17841856,99.994440349433,992
4334,0,17841856,99.994440349433,992
4335,0,17841856,99.994440349433,992
4336,0,17841856,99.994440349433,992
4337,0,17841856,99.994440349433,992
4338,0,17841856,99.994440349433,992
4339,0,17841856,99.994440349433,992
4340,0,17841856,99.994440349433,992
4341,0,17841856,99.994440349433,992
4342,0,17841856,99.994440349433,992
4343,0,17841856,99.994440349433,992
4344,0,17841856,99.994440349433,992
4345,0,17841856,99.994440349433,992
4346,0,17841856,99.994440349433,992
4347,0,17841856,99.994440349433,992
4348,0,17841856,99.994440349433,992
4349,0,17841856,99.994440349433,992
4350,0,17841856,99.994440349433,992
4351,0,17841856,99.994440349433,992
4352,0,17841856,99.994440349433,992
4353,0,17841856,99.994440349433,992
4354,0,17841856,99.994440349433,992
4355,0,17841856,99.994440349433,992
4356,0,17841856,99.994440349433,992
4357,0,17841856,99.994440349433,992
4358,0,17841856,99.994440349433,992
4359,0,17841856,99.994440349433,992
4360,0,17841856,99.994440349433,992
4361,0,17841856,99.994440349433,992
4362,0,17841856,99.994440349433,992
4363,0,17841856,99.994440349433,992
4364,0,17841856,99.994440349433,992
4365,0,17841856,99.994440349433,992
4366,0,17841856,99.994440349433,992
4367,0,17841856,99.994440349433,992
4368,0,17841856,99.994440349433,992
4369,0,17841856,99.994440349433,992
4370,0,17841856,99.994440349433,992
4371,0,17841856,99.994440349433,992
4372,0,17841856,99.994440349433,992
4373,0,17841856,99.994440349433,992
4374,0,17841856,99.994440349433,992
4375,0,17841856,99.994440349433,992
4376,0,17841856,99.994440349433,992
4377,0,17841856,99.994440349433,992
4378,0,17841856,99.994440349433,992
4379,0,17841856,99.994440349433,992
4380,0,17841856,99.994440349433,992
4381,0,17841856,99.994440349433,992
4382,0,17841856,99.994440349433,992
4383,0,17841856,99.994440349433,992
4384,0,17841856,99.994440349433,992
4385,0,17841856,99.994440349433,992
4386,0,17841856,99.994440349433,992
4387,0,17841856,99.994440349433,992
4388,0,17841856,99.994440349433,992
4389,0,17841856,99.994440349433,992
4390,0,17841856,99.994440349433,992
4391,0,17841856,99.994440349433,992
4392,0,17841856,99.994440349433,992
4393,0,17841856,99.994440349433,992
4394,0,17841856,99.994440349433,992
4395,0,17841856,99.994440349433,992
4396,0,17841856,99.994440349433,992
4397,0,17841856,99.994440349433,992
4398,0,17841856,99.994440349433,992
4399,0,17841856,99.994440349433,992
4400,0,17841856,99.994440349433,992
4401,0,17841856,99.994440349433,992
4402,0,17841856,99.994440349433,992
4403,0,17841856,99.994440349433,992
4404,0,17841856,99.994440349433,992
4405,0,17841856,99.994440349433,992
4406,0,17841856,99.994440349433,992
4407,0,17841856,99.994440349433,992
4408,0,17841856,99.994440349433,992
4409,0,17841856,99.994440349433,992
4410,0,17841856,99.994440349433,992
4411,0,17841856,99.994440349433,992
4412,0,17841856,99.994440349433,992
4413,0,17841856,99.994440349433,992
4414,0,17841856,99.994440349433,992
4415,0,17841856,99.994440349433,992
4416,0,17841856,99.994440349433,992
4417,0,17841856,99.994440349433,992
4418,0,17841856,99.994440349433,992
4419,0,17841856,99.994440349433,992
4420,0,17841856,99.994440349433,992
4421,0,17841856,99.994440349433,992
4422,0,17841856,99.994440349433,992
4423,0,17841856,99.994440349433,992
4424,0,17841856,99.994440349433,992
4425,0,17841856,99.994440349433,992
4426,0,17841856,99.994440349433,992
4427,0,17841856,99.994440349433,992
4428,0,17841856,99.994440349433,992
4429,0,17841856,99.994440349433,992
4430,0,17841856,99.994440349433,992
4431,0,17841856,99.994440349433,992
4432,0,17841856,99.994440349433,992
4433,0,17841856,99.994440349433,992
4434,0,17841856,99.994440349433,992
4435,0,17841856,99.994440349433,992
4436,0,17841856,99.994440349433,992
4437,0,17841856,99.994440349433,992
4438,0,17841856,99.994440349433,992
4439,0,17841856,99.994440349433,992
4440,0,17841856,99.994440349433,992
4441,0,17841856,99.994440349433,992
4442,0,17841856,99.994440349433,992
4443,0,17841856,99.994440349433,992
4444,0,17841856,99.994440349433,992
4445,0,17841856,99.994440349433,992
4446,0,17841856,99.994440349433,992
4447,0,17841856,99.994440349433,992
4448,0,17841856,99.994440349433,992
4449,0,17841856,99.994440349433,992
4450,0,17841856,99.994440349433,992
4451,0,17841856,99.994440349433,992
4452,0,17841856,99.994440349433,992
4453,0,17841856,99.994440349433,992
4454,0,17841856,99.994440349433,992
4455,0,17841856,99.994440349433,992
4456,0,17841856,99.994440349433,992
4457,0,17841856,99.994440349433,992
4458,0,17841856,99.994440349433,992
4459,0,17841856,99.994440349433,992
4460,0,17841856,99.994440349433,992
4461,0,17841856,99.994440349433,992
4462,0,17841856,99.994440349433,992
4463,0,17841856,99.994440349433,992
4464,0,17841856,99.994440349433,992
4465,0,17841856,99.994440349433,992
4466,0,17841856,99.994440349433,992
4467,0,17841856,99.994440349433,992
4468,0,17841856,99.994440349433,992
4469,0,17841856,99.994440349433,992
4470,0,17841856,99.994440349433,992
4471,0,17841856,99.994440349433,992
4472,0,17841856,99.994440349433,992
4473,0,17841856,99.994440349433,992
4474,0,17841856,99.994440349433,992
4475,0,17841856,99.994440349433,992
4476,0,17841856,99.994440349433,992
4477,0,17841856,99.994440349433,992
4478,0,17841856,99.994440349433,992
4479,0,17841856,99.994440349433,992
4480,0,17841856,99.994440349433,992
4481,0,17841856,99.994440349433,992
4482,0,17841856,99.994440349433,992
4483,0,17841856,99.994440349433,992
4484,0,17841856,99.994440349433,992
4485,0,17841856,99.994440349433,992
4486,0,17841856,99.994440349433,992
4487,0,17841856,99.994440349433,992
4488,0,17841856,99.994440349433,992
4489,0,17841856,99.994440349433,992
4490,0,17841856,99.994440349433,992
4491,0,17841856,99.994440349433,992
4492,0,17841856,99.994440349433,992
4493,0,17841856,99.994440349433,992
4494,0,17841856,99.994440349433,992
4495,0,17841856,99.994440349433,992
4496,0,17841856,99.994440349433,992
4497,0,17841856,99.994440349433,992
4498,0,17841856,99.994440349433,992
4499,0,17841856,99.994440349433,992
4500,0,17841856,99.994440349433,992
4501,0,17841856,99.994440349433,992
4502,0,17841856,99.994440349433,992
4503,0,17841856,99.994440349433,992
4504,0,17841856,99.994440349433,992
4505,0,17841856,99.994440349433,992
4506,0,17841856,99.994440349433,992
4507,0,17841856,99.994440349433,992
4508,0,17841856,99.994440349433,992
4509,0,17841856,99.994440349433,992
4510,0,17841856,99.994440349433,992
4511,0,17841856,99.994440349433,992
4512,0,17841856,99.994440349433,992
4513,0,17841856,99.994440349433,992
4514,0,17841856,99.994440349433,992
4515,0,17841856,99.994440349433,992
4516,0,17841856,99.994440349433,992
4517,0,17841856,99.994440349433,992
4518,0,17841856,99.994440349433,992
4519,0,17841856,99.994440349433,992
4520,0,17841856,99.994440349433,992
4521,0,17841856,99.994440349433,992
4522,0,17841856,99.994440349433,992
4523,0,17841856,99.994440349433,992
4524,0,17841856,99.994440349433,992
4525,0,17841856,99.994440349433,992
4526,0,17841856,99.994440349433,992
4527,0,17841856,99.994440349433,992
4528,0,17841856,99.994440349433,992
4529,0,17841856,99.994440349433,992
4530,0,17841856,99.994440349433,992
4531,0,17841856,99.994440349433,992
4532,0,17841856,99.994440349433,992
4533,0,17841856,99.994440349433,992
4534,0,17841856,99.994440349433,992
4535,0,17841856,99.994440349433,992
4536,0,17841856,99.994440349433,992
4537,0,17841856,99.994440349433,992
4538,0,17841856,99.994440349433,992
4539,0,17841856,99.994440349433,992
4540,0,17841856,99.994440349433,992
4541,0,17841856,99.994440349433,992
4542,0,17841856,99.994440349433,992
4543,0,17841856,99.994440349433,992
4544,0,17841856,99.994440349433,992
4545,0,17841856,99.994440349433,992
4546,0,17841856,99.994440349433,992
4547,0,17841856,99.994440349433,992
4548,0,17841856,99.994440349433,992
4549,0,17841856,99.994440349433,992
4550,0,17841856,99.994440349433,992
4551,0,17841856,99.994440349433,992
4552,0,17841856,99.994440349433,992
4553,0,17841856,99.994440349433,992
4554,0,17841856,99.994440349433,992
4555,0,17841856,99.994440349433,992
4556,0,17841856,99.994440349433,992
4557,0,17841856,99.994440349433,992
4558,0,17841856,99.994440349433,992
4559,0,17841856,99.994440349433,992
4560,0,17841856,99.994440349433,992
4561,0,17841856,99.994440349433,992
4562,0,17841856,99.994440349433,992
4563,0,17841856,99.994440349433,992
4564,0,17841856,99.994440349433,992
4565,0,17841856,99.994440349433,992
4566,0,17841856,99.994440349433,992
4567,0,17841856,99.994440349433,992
4568,0,17841856,99.994440349433,992
4569,0,17841856,99.994440349433,992
4570,0,17841856,99.994440349433,992
4571,0,17841856,99.994440349433,992
4572,0,17841856,99.994440349433,992
4573,0,17841856,99.994440349433,992
4574,0,17841856,99.994440349433,992
4575,0,17841856,99.994440349433,992
4576,0,17841856,99.994440349433,992
4577,0,17841856,99.994440349433,992
4578,0,17841856,99.994440349433,992
4579,0,17841856,99.994440349433,992
4580,0,17841856,99.994440349433,992
4581,0,17841856,99.994440349433,992
4582,0,17841856,99.994440349433,992
4583,0,17841856,99.994440349433,992
4584,0,17841856,99.994440349433,992
4585,0,17841856,99.994440349433,992
4586,0,17841856,99.994440349433,992
4587,0,17841856,99.994440349433,992
4588,0,17841856,99.994440349433,992
4589,0,17841856,99.994440349433,992
4590,0,17841856,99.994440349433,992
4591,0,17841856,99.994440349433,992
4592,0,17841856,99.994440349433,992
4593,0,17841856,99.994440349433,992
4594,0,17841856,99.994440349433,992
4595,0,17841856,99.994440349433,992
4596,0,17841856,99.994440349433,992
4597,0,17841856,99.994440349433,992
4598,0,17841856,99.994440349433,992
4599,0,17841856,99.994440349433,992
4600,0,17841856,99.994440349433,992
4601,0,17841856,99.994440349433,992
4602,0,17841856,99.994440349433,992
4603,0,17841856,99.994440349433,992
4604,0,17841856,99.994440349433,992
4605,0,17841856,99.994440349433,992
4606,0,17841856,99.994440349433,992
4607,0,17841856,99.994440349433,992
4608,3,17841859,99.9944571628924,989
4609,0,17841859,99.9944571628924,989
4610,0,17841859,99.9944571628924,989
4611,0,17841859,99.9944571628924,989
4612,0,17841859,99.9944571628924,989
4613,0,17841859,99.9944571628924,989
4614,0,17841859,99.9944571628924,989
4615,0,17841859,99.9944571628924,989
4616,0,17841859,99.9944571628924,989
4617,0,17841859,99.9944571628924,989
4618,0,17841859,99.9944571628924,989
4619,0,17841859,99.9944571628924,989
4620,0,17841859,99.9944571628924,989
4621,0,17841859,99.9944571628924,989
4622,0,17841859,99.9944571628924,989
4623,0,17841859,99.9944571628924,989
4624,0,17841859,99.9944571628924,989
4625,0,17841859,99.9944571628924,989
4626,0,17841859,99.9944571628924,989
4627,0,17841859,99.9944571628924,989
4628,0,17841859,99.9944571628924,989
4629,0,17841859,99.9944571628924,989
4630,0,17841859,99.9944571628924,989
4631,0,17841859,99.9944571628924,989
4632,0,17841859,99.9944571628924,989
4633,0,17841859,99.9944571628924,989
4634,0,17841859,99.9944571628924,989
4635,0,17841859,99.9944571628924,989
4636,0,17841859,99.9944571628924,989
4637,0,17841859,99.9944571628924,989
4638,0,17841859,99.9944571628924,989
4639,0,17841859,99.9944571628924,989
4640,0,17841859,99.9944571628924,989
4641,0,17841859,99.9944571628924,989
4642,0,17841859,99.9944571628924,989
4643,0,17841859,99.9944571628924,989
4644,0,17841859,99.9944571628924,989
4645,0,17841859,99.9944571628924,989
4646,0,17841859,99.9944571628924,989
4647,0,17841859,99.9944571628924,989
4648,0,17841859,99.9944571628924,989
4649,0,17841859,99.9944571628924,989
4650,0,17841859,99.9944571628924,989
4651,0,17841859,99.9944571628924,989
4652,0,17841859,99.9944571628924,989
4653,0,17841859,99.9944571628924,989
4654,0,17841859,99.9944571628924,989
4655,0,17841859,99.9944571628924,989
4656,0,17841859,99.9944571628924,989
4657,0,17841859,99.9944571628924,989
4658,0,17841859,99.9944571628924,989
4659,0,17841859,99.9944571628924,989
4660,0,17841859,99.9944571628924,989
4661,0,17841859,99.9944571628924,989
4662,0,17841859,99.9944571628924,989
4663,0,17841859,99.9944571628924,989
4664,0,17841859,99.9944571628924,989
4665,0,17841859,99.9944571628924,989
4666,0,17841859,99.9944571628924,989
4667,0,17841859,99.9944571628924,989
4668,0,17841859,99.9944571628924,989
4669,0,17841859,99.9944571628924,989
4670,0,17841859,99.9944571628924,989
4671,0,17841859,99.9944571628924,989
4672,0,17841859,99.9944571628924,989
4673,0,17841859,99.9944571628924,989
4674,0,17841859,99.9944571628924,989
4675,0,17841859,99.9944571628924,989
4676,0,17841859,99.9944571628924,989
4677,0,17841859,99.9944571628924,989
4678,0,17841859,99.9944571628924,989
4679,0,17841859,99.9944571628924,989
4680,0,17841859,99.9944571628924,989
4681,0,17841859,99.9944571628924,989
4682,0,17841859,99.9944571628924,989
4683,0,17841859,99.9944571628924,989
4684,0,17841859,99.9944571628924,989
4685,0,17841859,99.9944571628924,989
4686,0,17841859,99.9944571628924,989
4687,0,17841859,99.9944571628924,989
4688,0,17841859,99.9944571628924,989
4689,0,17841859,99.9944571628924,989
4690,0,17841859,99.9944571628924,989
4691,0,17841859,99.9944571628924,989
4692,0,17841859,99.9944571628924,989
4693,0,17841859,99.9944571628924,989
4694,0,17841859,99.9944571628924,989
4695,0,17841859,99.9944571628924,989
4696,0,17841859,99.9944571628924,989
4697,0,17841859,99.9944571628924,989
4698,0,17841859,99.9944571628924,989
4699,0,17841859,99.9944571628924,989
4700,0,17841859,99.9944571628924,989
4701,0,17841859,99.9944571628924,989
4702,0,17841859,99.9944571628924,989
4703,0,17841859,99.9944571628924,989
4704,0,17841859,99.9944571628924,989
4705,0,17841859,99.9944571628924,989
4706,0,17841859,99.9944571628924,989
4707,0,17841859,99.9944571628924,989
4708,0,17841859,99.9944571628924,989
4709,0,17841859,99.9944571628924,989
4710,0,17841859,99.9944571628924,989
4711,0,17841859,99.9944571628924,989
4712,0,17841859,99.9944571628924,989
4713,0,17841859,99.9944571628924,989
4714,0,17841859,99.9944571628924,989
4715,0,17841859,99.9944571628924,989
4716,0,17841859,99.9944571628924,989
4717,0,17841859,99.9944571628924,989
4718,0,17841859,99.9944571628924,989
4719,0,17841859,99.9944571628924,989
4720,0,17841859,99.9944571628924,989
4721,0,17841859,99.9944571628924,989
4722,0,17841859,99.9944571628924,989
4723,0,17841859,99.9944571628924,989
4724,0,17841859,99.9944571628924,989
4725,0,17841859,99.9944571628924,989
4726,0,17841859,99.9944571628924,989
4727,0,17841859,99.9944571628924,989
4728,0,17841859,99.9944571628924,989
4729,0,17841859,99.9944571628924,989
4730,0,17841859,99.9944571628924,989
4731,0,17841859,99.9944571628924,989
4732,0,17841859,99.9944571628924,989
4733,0,17841859,99.9944571628924,989
4734,0,17841859,99.9944571628924,989
4735,0,17841859,99.9944571628924,989
4736,0,17841859,99.9944571628924,989
4737,0,17841859,99.9944571628924,989
4738,0,17841859,99.9944571628924,989
4739,0,17841859,99.9944571628924,989
4740,0,17841859,99.9944571628924,989
4741,0,17841859,99.9944571628924,989
4742,0,17841859,99.9944571628924,989
4743,0,17841859,99.9944571628924,989
4744,0,17841859,99.9944571628924,989
4745,0,17841859,99.9944571628924,989
4746,0,17841859,99.9944571628924,989
4747,0,17841859,99.9944571628924,989
4748,0,17841859,99.9944571628924,989
4749,0,17841859,99.9944571628924,989
4750,0,17841859,99.9944571628924,989
4751,0,17841859,99.9944571628924,989
4752,0,17841859,99.9944571628924,989
4753,0,17841859,99.9944571628924,989
4754,0,17841859,99.9944571628924,989
4755,0,17841859,99.9944571628924,989
4756,0,17841859,99.9944571628924,989
4757,0,17841859,99.9944571628924,989
4758,0,17841859,99.9944571628924,989
4759,0,17841859,99.9944571628924,989
4760,0,17841859,99.9944571628924,989
4761,0,17841859,99.9944571628924,989
4762,0,17841859,99.9944571628924,989
4763,0,17841859,99.9944571628924,989
4764,0,17841859,99.9944571628924,989
4765,0,17841859,99.9944571628924,989
4766,0,17841859,99.9944571628924,989
4767,0,17841859,99.9944571628924,989
4768,0,17841859,99.9944571628924,989
4769,0,17841859,99.9944571628924,989
4770,0,17841859,99.9944571628924,989
4771,0,17841859,99.9944571628924,989
4772,0,17841859,99.9944571628924,989
4773,0,17841859,99.9944571628924,989
4774,0,17841859,99.9944571628924,989
4775,0,17841859,99.9944571628924,989
4776,0,17841859,99.9944571628924,989
4777,0,17841859,99.9944571628924,989
4778,0,17841859,99.9944571628924,989
4779,0,17841859,99.9944571628924,989
4780,0,17841859,99.9944571628924,989
4781,0,17841859,99.9944571628924,989
4782,0,17841859,99.9944571628924,989
4783,0,17841859,99.9944571628924,989
4784,0,17841859,99.9944571628924,989
4785,0,17841859,99.9944571628924,989
4786,0,17841859,99.9944571628924,989
4787,0,17841859,99.9944571628924,989
4788,0,17841859,99.9944571628924,989
4789,0,17841859,99.9944571628924,989
4790,0,17841859,99.9944571628924,989
4791,0,17841859,99.9944571628924,989
4792,0,17841859,99.9944571628924,989
4793,0,17841859,99.9944571628924,989
4794,0,17841859,99.9944571628924,989
4795,0,17841859,99.9944571628924,989
4796,0,17841859,99.9944571628924,989
4797,0,17841859,99.9944571628924,989
4798,0,17841859,99.9944571628924,989
4799,0,17841859,99.9944571628924,989
4800,1,17841860,99.9944627673788,988
4801,0,17841860,99.9944627673788,988
4802,0,17841860,99.9944627673788,988
4803,0,17841860,99.9944627673788,988
4804,0,17841860,99.9944627673788,988
4805,0,17841860,99.9944627673788,988
4806,0,17841860,99.9944627673788,988
4807,0,17841860,99.9944627673788,988
4808,0,17841860,99.9944627673788,988
4809,0,17841860,99.9944627673788,988
4810,0,17841860,99.9944627673788,988
4811,0,17841860,99.9944627673788,988
4812,0,17841860,99.9944627673788,988
4813,0,17841860,99.9944627673788,988
4814,0,17841860,99.9944627673788,988
4815,0,17841860,99.9944627673788,988
4816,0,17841860,99.9944627673788,988
4817,0,17841860,99.9944627673788,988
4818,0,17841860,99.9944627673788,988
4819,0,17841860,99.9944627673788,988
4820,0,17841860,99.9944627673788,988
4821,0,17841860,99.9944627673788,988
4822,0,17841860,99.9944627673788,988
4823,0,17841860,99.9944627673788,988
4824,0,17841860,99.9944627673788,988
4825,0,17841860,99.9944627673788,988
4826,0,17841860,99.9944627673788,988
4827,0,17841860,99.9944627673788,988
4828,0,17841860,99.9944627673788,988
4829,0,17841860,99.9944627673788,988
4830,0,17841860,99.9944627673788,988
4831,0,17841860,99.9944627673788,988
4832,0,17841860,99.9944627673788,988
4833,0,17841860,99.9944627673788,988
4834,0,17841860,99.9944627673788,988
4835,0,17841860,99.9944627673788,988
4836,0,17841860,99.9944627673788,988
4837,0,17841860,99.9944627673788,988
4838,0,17841860,99.9944627673788,988
4839,0,17841860,99.9944627673788,988
4840,0,17841860,99.9944627673788,988
4841,0,17841860,99.9944627673788,988
4842,0,17841860,99.9944627673788,988
4843,0,17841860,99.9944627673788,988
4844,0,17841860,99.9944627673788,988
4845,0,17841860,99.9944627673788,988
4846,0,17841860,99.9944627673788,988
4847,0,17841860,99.9944627673788,988
4848,0,17841860,99.9944627673788,988
4849,0,17841860,99.9944627673788,988
4850,0,17841860,99.9944627673788,988
4851,0,17841860,99.9944627673788,988
4852,0,17841860,99.9944627673788,988
4853,0,17841860,99.9944627673788,988
4854,0,17841860,99.9944627673788,988
4855,0,17841860,99.9944627673788,988
4856,0,17841860,99.9944627673788,988
4857,0,17841860,99.9944627673788,988
4858,0,17841860,99.9944627673788,988
4859,0,17841860,99.9944627673788,988
4860,0,17841860,99.9944627673788,988
4861,0,17841860,99.9944627673788,988
4862,0,17841860,99.9944627673788,988
4863,0,17841860,99.9944627673788,988
4864,0,17841860,99.9944627673788,988
4865,0,17841860,99.9944627673788,988
4866,0,17841860,99.9944627673788,988
4867,0,17841860,99.9944627673788,988
4868,0,17841860,99.9944627673788,988
4869,0,17841860,99.9944627673788,988
4870,0,17841860,99.9944627673788,988
4871,0,17841860,99.9944627673788,988
4872,0,17841860,99.9944627673788,988
4873,0,17841860,99.9944627673788,988
4874,0,17841860,99.9944627673788,988
4875,0,17841860,99.9944627673788,988
4876,0,17841860,99.9944627673788,988
4877,0,17841860,99.9944627673788,988
4878,0,17841860,99.9944627673788,988
4879,0,17841860,99.9944627673788,988
4880,0,17841860,99.9944627673788,988
4881,0,17841860,99.9944627673788,988
4882,0,17841860,99.9944627673788,988
4883,0,17841860,99.9944627673788,988
4884,0,17841860,99.9944627673788,988
4885,0,17841860,99.9944627673788,988
4886,0,17841860,99.9944627673788,988
4887,0,17841860,99.9944627673788,988
4888,0,17841860,99.9944627673788,988
4889,0,17841860,99.9944627673788,988
4890,0,17841860,99.9944627673788,988
4891,0,17841860,99.9944627673788,988
4892,0,17841860,99.9944627673788,988
4893,0,17841860,99.9944627673788,988
4894,0,17841860,99.9944627673788,988
4895,0,17841860,99.9944627673788,988
4896,0,17841860,99.9944627673788,988
4897,0,17841860,99.9944627673788,988
4898,0,17841860,99.9944627673788,988
4899,0,17841860,99.9944627673788,988
4900,0,17841860,99.9944627673788,988
4901,0,17841860,99.9944627673788,988
4902,0,17841860,99.9944627673788,988
4903,0,17841860,99.9944627673788,988
4904,0,17841860,99.9944627673788,988
4905,0,17841860,99.9944627673788,988
4906,0,17841860,99.9944627673788,988
4907,0,17841860,99.9944627673788,988
4908,0,17841860,99.9944627673788,988
4909,0,17841860,99.9944627673788,988
4910,0,17841860,99.9944627673788,988
4911,0,17841860,99.9944627673788,988
4912,0,17841860,99.9944627673788,988
4913,0,17841860,99.9944627673788,988
4914,0,17841860,99.9944627673788,988
4915,0,17841860,99.9944627673788,988
4916,0,17841860,99.9944627673788,988
4917,0,17841860,99.9944627673788,988
4918,0,17841860,99.9944627673788,988
4919,0,17841860,99.9944627673788,988
4920,0,17841860,99.9944627673788,988
4921,0,17841860,99.9944627673788,988
4922,0,17841860,99.9944627673788,988
4923,0,17841860,99.9944627673788,988
4924,0,17841860,99.9944627673788,988
4925,0,17841860,99.9944627673788,988
4926,0,17841860,99.9944627673788,988
4927,0,17841860,99.9944627673788,988
4928,0,17841860,99.9944627673788,988
4929,1,17841861,99.9944683718653,987
4930,0,17841861,99.9944683718653,987
4931,0,17841861,99.9944683718653,987
4932,0,17841861,99.9944683718653,987
4933,0,17841861,99.9944683718653,987
4934,0,17841861,99.9944683718653,987
4935,0,17841861,99.9944683718653,987
4936,0,17841861,99.9944683718653,987
4937,0,17841861,99.9944683718653,987
4938,0,17841861,99.9944683718653,987
4939,0,17841861,99.9944683718653,987
4940,0,17841861,99.9944683718653,987
4941,0,17841861,99.9944683718653,987
4942,0,17841861,99.9944683718653,987
4943,0,17841861,99.9944683718653,987
4944,0,17841861,99.9944683718653,987
4945,0,17841861,99.9944683718653,987
4946,0,17841861,99.9944683718653,987
4947,0,17841861,99.9944683718653,987
4948,0,17841861,99.9944683718653,987
4949,0,17841861,99.9944683718653,987
4950,0,17841861,99.9944683718653,987
4951,0,17841861,99.9944683718653,987
4952,0,17841861,99.9944683718653,987
4953,0,17841861,99.9944683718653,987
4954,0,17841861,99.9944683718653,987
4955,0,17841861,99.9944683718653,987
4956,0,17841861,99.9944683718653,987
4957,0,17841861,99.9944683718653,987
4958,0,17841861,99.9944683718653,987
4959,0,17841861,99.9944683718653,987
4960,0,17841861,99.9944683718653,987
4961,0,17841861,99.9944683718653,987
4962,0,17841861,99.9944683718653,987
4963,0,17841861,99.9944683718653,987
4964,0,17841861,99.9944683718653,987
4965,0,17841861,99.9944683718653,987
4966,0,17841861,99.9944683718653,987
4967,0,17841861,99.9944683718653,987
4968,0,17841861,99.9944683718653,987
4969,0,17841861,99.9944683718653,987
4970,0,17841861,99.9944683718653,987
4971,0,17841861,99.9944683718653,987
4972,0,17841861,99.9944683718653,987
4973,0,17841861,99.9944683718653,987
4974,0,17841861,99.9944683718653,987
4975,0,17841861,99.9944683718653,987
4976,0,17841861,99.9944683718653,987
4977,0,17841861,99.9944683718653,987
4978,0,17841861,99.9944683718653,987
4979,0,17841861,99.9944683718653,987
4980,0,17841861,99.9944683718653,987
4981,0,17841861,99.9944683718653,987
4982,0,17841861,99.9944683718653,987
4983,0,17841861,99.9944683718653,987
4984,0,17841861,99.9944683718653,987
4985,0,17841861,99.9944683718653,987
4986,0,17841861,99.9944683718653,987
4987,0,17841861,99.9944683718653,987
4988,0,17841861,99.9944683718653,987
4989,0,17841861,99.9944683718653,987
4990,0,17841861,99.9944683718653,987
4991,0,17841861,99.9944683718653,987
4992,0,17841861,99.9944683718653,987
4993,0,17841861,99.9944683718653,987
4994,0,17841861,99.9944683718653,987
4995,0,17841861,99.9944683718653,987
4996,0,17841861,99.9944683718653,987
4997,0,17841861,99.9944683718653,987
4998,0,17841861,99.9944683718653,987
4999,0,17841861,99.9944683718653,987
5000,987,17842848,100,0
